1000 400
4 10
4 4 4 4 4 4 4 4 4 4 4 4 4 4 4 4 4 4 4 4 4 4 4 4 4 4 4 4 4 4 4 4 4 4 4 4 4 4 4 4 4 4 4 4 4 4 4 4 4 4 4 4 4 4 4 4 4 4 4 4 4 4 4 4 4 4 4 4 4 4 4 4 4 4 4 4 4 4 4 4 4 4 4 4 4 4 4 4 4 4 4 4 4 4 4 4 4 4 4 4 4 4 4 4 4 4 4 4 4 4 4 4 4 4 4 4 4 4 4 4 4 4 4 4 4 4 4 4 4 4 4 4 4 4 4 4 4 4 4 4 4 4 4 4 4 4 4 4 4 4 4 4 4 4 4 4 4 4 4 4 4 4 4 4 4 4 4 4 4 4 4 4 4 4 4 4 4 4 4 4 4 4 4 4 4 4 4 4 4 4 4 4 4 4 4 4 4 4 4 4 4 4 4 4 4 4 4 4 4 4 4 4 4 4 4 4 4 4 4 4 4 4 4 4 4 4 4 4 4 4 4 4 4 4 4 4 4 4 4 4 4 4 4 4 4 4 4 4 4 4 4 4 4 4 4 4 4 4 4 4 4 4 4 4 4 4 4 4 4 4 4 4 4 4 4 4 4 4 4 4 4 4 4 4 4 4 4 4 4 4 4 4 4 4 4 4 4 4 4 4 4 4 4 4 4 4 4 4 4 4 4 4 4 4 4 4 4 4 4 4 4 4 4 4 4 4 4 4 4 4 4 4 4 4 4 4 4 4 4 4 4 4 4 4 4 4 4 4 4 4 4 4 4 4 4 4 4 4 4 4 4 4 4 4 4 4 4 4 4 4 4 4 4 4 4 4 4 4 4 4 4 4 4 4 4 4 4 4 4 4 4 4 4 4 4 4 4 4 4 4 4 4 4 4 4 4 4 4 4 4 4 4 4 4 4 4 4 4 4 4 4 4 4 4 4 4 4 4 4 4 4 4 4 4 4 4 4 4 4 4 4 4 4 4 4 4 4 4 4 4 4 4 4 4 4 4 4 4 4 4 4 4 4 4 4 4 4 4 4 4 4 4 4 4 4 4 4 4 4 4 4 4 4 4 4 4 4 4 4 4 4 4 4 4 4 4 4 4 4 4 4 4 4 4 4 4 4 4 4 4 4 4 4 4 4 4 4 4 4 4 4 4 4 4 4 4 4 4 4 4 4 4 4 4 4 4 4 4 4 4 4 4 4 4 4 4 4 4 4 4 4 4 4 4 4 4 4 4 4 4 4 4 4 4 4 4 4 4 4 4 4 4 4 4 4 4 4 4 4 4 4 4 4 4 4 4 4 4 4 4 4 4 4 4 4 4 4 4 4 4 4 4 4 4 4 4 4 4 4 4 4 4 4 4 4 4 4 4 4 4 4 4 4 4 4 4 4 4 4 4 4 4 4 4 4 4 4 4 4 4 4 4 4 4 4 4 4 4 4 4 4 4 4 4 4 4 4 4 4 4 4 4 4 4 4 4 4 4 4 4 4 4 4 4 4 4 4 4 4 4 4 4 4 4 4 4 4 4 4 4 4 4 4 4 4 4 4 4 4 4 4 4 4 4 4 4 4 4 4 4 4 4 4 4 4 4 4 4 4 4 4 4 4 4 4 4 4 4 4 4 4 4 4 4 4 4 4 4 4 4 4 4 4 4 4 4 4 4 4 4 4 4 4 4 4 4 4 4 4 4 4 4 4 4 4 4 4 4 4 4 4 4 4 4 4 4 4 4 4 4 4 4 4 4 4 4 4 4 4 4 4 4 4 4 4 4 4 4 4 4 4 4 4 4 4 4 4 4 4 4 4 4 4 4 4 4 4 4 4 4 4 4 4 4 4 4 4 4 4 4 4 4 4 4 4 4 4 4 4 4 4 4 4 4 4 4 4 4 4 4 4 4 4 4 4 4 4 4 4 4 4 4 4 4 4 4 4 4 4 4 4 4 4 4 4 4 4 4 4 4 4 4 4 4 4 4 4 4 4 4 4 4 4 4 4 4 4 4 4 4 4 4 4 4 4 4 4 4 4 4 4 4 4 4 4 4 4 4 4 4 4 4 4 4 4 4 4 4 4 4 4 4 4 4 4 4 4 4 4 4 4 4 4 4 4 4 4 4 4 4 4 4 4 4 4 4 4 4 4 4 4 4 4 4 4 4 4 4 4 4 4 4 4 4 4 4 4 4 4 4 4 4 4 4 4 4 4 4 4 4 4 4 4 4 4 4 4 4 4 4 
10 10 10 10 10 10 10 10 10 10 10 10 10 10 10 10 10 10 10 10 10 10 10 10 10 10 10 10 10 10 10 10 10 10 10 10 10 10 10 10 10 10 10 10 10 10 10 10 10 10 10 10 10 10 10 10 10 10 10 10 10 10 10 10 10 10 10 10 10 10 10 10 10 10 10 10 10 10 10 10 10 10 10 10 10 10 10 10 10 10 10 10 10 10 10 10 10 10 10 10 10 10 10 10 10 10 10 10 10 10 10 10 10 10 10 10 10 10 10 10 10 10 10 10 10 10 10 10 10 10 10 10 10 10 10 10 10 10 10 10 10 10 10 10 10 10 10 10 10 10 10 10 10 10 10 10 10 10 10 10 10 10 10 10 10 10 10 10 10 10 10 10 10 10 10 10 10 10 10 10 10 10 10 10 10 10 10 10 10 10 10 10 10 10 10 10 10 10 10 10 10 10 10 10 10 10 10 10 10 10 10 10 10 10 10 10 10 10 10 10 10 10 10 10 10 10 10 10 10 10 10 10 10 10 10 10 10 10 10 10 10 10 10 10 10 10 10 10 10 10 10 10 10 10 10 10 10 10 10 10 10 10 10 10 10 10 10 10 10 10 10 10 10 10 10 10 10 10 10 10 10 10 10 10 10 10 10 10 10 10 10 10 10 10 10 10 10 10 10 10 10 10 10 10 10 10 10 10 10 10 10 10 10 10 10 10 10 10 10 10 10 10 10 10 10 10 10 10 10 10 10 10 10 10 10 10 10 10 10 10 10 10 10 10 10 10 10 10 10 10 10 10 10 10 10 10 10 10 10 10 10 10 10 10 10 10 10 10 10 10 10 10 10 10 10 10 10 10 10 10 10 10 10 10 10 10 10 10 10 10 10 10 10 10 10 10 10 10 10 10 
49 182 287 306 
50 183 288 307 
51 184 289 308 
52 185 290 309 
53 186 291 310 
54 187 292 311 
55 188 293 312 
56 189 294 313 
57 190 295 314 
58 191 296 315 
59 192 297 316 
60 193 298 317 
61 194 299 318 
62 195 300 319 
63 196 201 320 
64 197 202 321 
65 198 203 322 
66 199 204 323 
67 200 205 324 
68 101 206 325 
69 102 207 326 
70 103 208 327 
71 104 209 328 
72 105 210 329 
73 106 211 330 
74 107 212 331 
75 108 213 332 
76 109 214 333 
77 110 215 334 
78 111 216 335 
79 112 217 336 
80 113 218 337 
81 114 219 338 
82 115 220 339 
83 116 221 340 
84 117 222 341 
85 118 223 342 
86 119 224 343 
87 120 225 344 
88 121 226 345 
89 122 227 346 
90 123 228 347 
91 124 229 348 
92 125 230 349 
93 126 231 350 
94 127 232 351 
95 128 233 352 
96 129 234 353 
97 130 235 354 
98 131 236 355 
99 132 237 356 
100 133 238 357 
1 134 239 358 
2 135 240 359 
3 136 241 360 
4 137 242 361 
5 138 243 362 
6 139 244 363 
7 140 245 364 
8 141 246 365 
9 142 247 366 
10 143 248 367 
11 144 249 368 
12 145 250 369 
13 146 251 370 
14 147 252 371 
15 148 253 372 
16 149 254 373 
17 150 255 374 
18 151 256 375 
19 152 257 376 
20 153 258 377 
21 154 259 378 
22 155 260 379 
23 156 261 380 
24 157 262 381 
25 158 263 382 
26 159 264 383 
27 160 265 384 
28 161 266 385 
29 162 267 386 
30 163 268 387 
31 164 269 388 
32 165 270 389 
33 166 271 390 
34 167 272 391 
35 168 273 392 
36 169 274 393 
37 170 275 394 
38 171 276 395 
39 172 277 396 
40 173 278 397 
41 174 279 398 
42 175 280 399 
43 176 281 400 
44 177 282 301 
45 178 283 302 
46 179 284 303 
47 180 285 304 
48 181 286 305 
6 143 233 317 
7 144 234 318 
8 145 235 319 
9 146 236 320 
10 147 237 321 
11 148 238 322 
12 149 239 323 
13 150 240 324 
14 151 241 325 
15 152 242 326 
16 153 243 327 
17 154 244 328 
18 155 245 329 
19 156 246 330 
20 157 247 331 
21 158 248 332 
22 159 249 333 
23 160 250 334 
24 161 251 335 
25 162 252 336 
26 163 253 337 
27 164 254 338 
28 165 255 339 
29 166 256 340 
30 167 257 341 
31 168 258 342 
32 169 259 343 
33 170 260 344 
34 171 261 345 
35 172 262 346 
36 173 263 347 
37 174 264 348 
38 175 265 349 
39 176 266 350 
40 177 267 351 
41 178 268 352 
42 179 269 353 
43 180 270 354 
44 181 271 355 
45 182 272 356 
46 183 273 357 
47 184 274 358 
48 185 275 359 
49 186 276 360 
50 187 277 361 
51 188 278 362 
52 189 279 363 
53 190 280 364 
54 191 281 365 
55 192 282 366 
56 193 283 367 
57 194 284 368 
58 195 285 369 
59 196 286 370 
60 197 287 371 
61 198 288 372 
62 199 289 373 
63 200 290 374 
64 101 291 375 
65 102 292 376 
66 103 293 377 
67 104 294 378 
68 105 295 379 
69 106 296 380 
70 107 297 381 
71 108 298 382 
72 109 299 383 
73 110 300 384 
74 111 201 385 
75 112 202 386 
76 113 203 387 
77 114 204 388 
78 115 205 389 
79 116 206 390 
80 117 207 391 
81 118 208 392 
82 119 209 393 
83 120 210 394 
84 121 211 395 
85 122 212 396 
86 123 213 397 
87 124 214 398 
88 125 215 399 
89 126 216 400 
90 127 217 301 
91 128 218 302 
92 129 219 303 
93 130 220 304 
94 131 221 305 
95 132 222 306 
96 133 223 307 
97 134 224 308 
98 135 225 309 
99 136 226 310 
100 137 227 311 
1 138 228 312 
2 139 229 313 
3 140 230 314 
4 141 231 315 
5 142 232 316 
26 141 208 390 
27 142 209 391 
28 143 210 392 
29 144 211 393 
30 145 212 394 
31 146 213 395 
32 147 214 396 
33 148 215 397 
34 149 216 398 
35 150 217 399 
36 151 218 400 
37 152 219 301 
38 153 220 302 
39 154 221 303 
40 155 222 304 
41 156 223 305 
42 157 224 306 
43 158 225 307 
44 159 226 308 
45 160 227 309 
46 161 228 310 
47 162 229 311 
48 163 230 312 
49 164 231 313 
50 165 232 314 
51 166 233 315 
52 167 234 316 
53 168 235 317 
54 169 236 318 
55 170 237 319 
56 171 238 320 
57 172 239 321 
58 173 240 322 
59 174 241 323 
60 175 242 324 
61 176 243 325 
62 177 244 326 
63 178 245 327 
64 179 246 328 
65 180 247 329 
66 181 248 330 
67 182 249 331 
68 183 250 332 
69 184 251 333 
70 185 252 334 
71 186 253 335 
72 187 254 336 
73 188 255 337 
74 189 256 338 
75 190 257 339 
76 191 258 340 
77 192 259 341 
78 193 260 342 
79 194 261 343 
80 195 262 344 
81 196 263 345 
82 197 264 346 
83 198 265 347 
84 199 266 348 
85 200 267 349 
86 101 268 350 
87 102 269 351 
88 103 270 352 
89 104 271 353 
90 105 272 354 
91 106 273 355 
92 107 274 356 
93 108 275 357 
94 109 276 358 
95 110 277 359 
96 111 278 360 
97 112 279 361 
98 113 280 362 
99 114 281 363 
100 115 282 364 
1 116 283 365 
2 117 284 366 
3 118 285 367 
4 119 286 368 
5 120 287 369 
6 121 288 370 
7 122 289 371 
8 123 290 372 
9 124 291 373 
10 125 292 374 
11 126 293 375 
12 127 294 376 
13 128 295 377 
14 129 296 378 
15 130 297 379 
16 131 298 380 
17 132 299 381 
18 133 300 382 
19 134 201 383 
20 135 202 384 
21 136 203 385 
22 137 204 386 
23 138 205 387 
24 139 206 388 
25 140 207 389 
22 167 273 358 
23 168 274 359 
24 169 275 360 
25 170 276 361 
26 171 277 362 
27 172 278 363 
28 173 279 364 
29 174 280 365 
30 175 281 366 
31 176 282 367 
32 177 283 368 
33 178 284 369 
34 179 285 370 
35 180 286 371 
36 181 287 372 
37 182 288 373 
38 183 289 374 
39 184 290 375 
40 185 291 376 
41 186 292 377 
42 187 293 378 
43 188 294 379 
44 189 295 380 
45 190 296 381 
46 191 297 382 
47 192 298 383 
48 193 299 384 
49 194 300 385 
50 195 201 386 
51 196 202 387 
52 197 203 388 
53 198 204 389 
54 199 205 390 
55 200 206 391 
56 101 207 392 
57 102 208 393 
58 103 209 394 
59 104 210 395 
60 105 211 396 
61 106 212 397 
62 107 213 398 
63 108 214 399 
64 109 215 400 
65 110 216 301 
66 111 217 302 
67 112 218 303 
68 113 219 304 
69 114 220 305 
70 115 221 306 
71 116 222 307 
72 117 223 308 
73 118 224 309 
74 119 225 310 
75 120 226 311 
76 121 227 312 
77 122 228 313 
78 123 229 314 
79 124 230 315 
80 125 231 316 
81 126 232 317 
82 127 233 318 
83 128 234 319 
84 129 235 320 
85 130 236 321 
86 131 237 322 
87 132 238 323 
88 133 239 324 
89 134 240 325 
90 135 241 326 
91 136 242 327 
92 137 243 328 
93 138 244 329 
94 139 245 330 
95 140 246 331 
96 141 247 332 
97 142 248 333 
98 143 249 334 
99 144 250 335 
100 145 251 336 
1 146 252 337 
2 147 253 338 
3 148 254 339 
4 149 255 340 
5 150 256 341 
6 151 257 342 
7 152 258 343 
8 153 259 344 
9 154 260 345 
10 155 261 346 
11 156 262 347 
12 157 263 348 
13 158 264 349 
14 159 265 350 
15 160 266 351 
16 161 267 352 
17 162 268 353 
18 163 269 354 
19 164 270 355 
20 165 271 356 
21 166 272 357 
77 118 292 325 
78 119 293 326 
79 120 294 327 
80 121 295 328 
81 122 296 329 
82 123 297 330 
83 124 298 331 
84 125 299 332 
85 126 300 333 
86 127 201 334 
87 128 202 335 
88 129 203 336 
89 130 204 337 
90 131 205 338 
91 132 206 339 
92 133 207 340 
93 134 208 341 
94 135 209 342 
95 136 210 343 
96 137 211 344 
97 138 212 345 
98 139 213 346 
99 140 214 347 
100 141 215 348 
1 142 216 349 
2 143 217 350 
3 144 218 351 
4 145 219 352 
5 146 220 353 
6 147 221 354 
7 148 222 355 
8 149 223 356 
9 150 224 357 
10 151 225 358 
11 152 226 359 
12 153 227 360 
13 154 228 361 
14 155 229 362 
15 156 230 363 
16 157 231 364 
17 158 232 365 
18 159 233 366 
19 160 234 367 
20 161 235 368 
21 162 236 369 
22 163 237 370 
23 164 238 371 
24 165 239 372 
25 166 240 373 
26 167 241 374 
27 168 242 375 
28 169 243 376 
29 170 244 377 
30 171 245 378 
31 172 246 379 
32 173 247 380 
33 174 248 381 
34 175 249 382 
35 176 250 383 
36 177 251 384 
37 178 252 385 
38 179 253 386 
39 180 254 387 
40 181 255 388 
41 182 256 389 
42 183 257 390 
43 184 258 391 
44 185 259 392 
45 186 260 393 
46 187 261 394 
47 188 262 395 
48 189 263 396 
49 190 264 397 
50 191 265 398 
51 192 266 399 
52 193 267 400 
53 194 268 301 
54 195 269 302 
55 196 270 303 
56 197 271 304 
57 198 272 305 
58 199 273 306 
59 200 274 307 
60 101 275 308 
61 102 276 309 
62 103 277 310 
63 104 278 311 
64 105 279 312 
65 106 280 313 
66 107 281 314 
67 108 282 315 
68 109 283 316 
69 110 284 317 
70 111 285 318 
71 112 286 319 
72 113 287 320 
73 114 288 321 
74 115 289 322 
75 116 290 323 
76 117 291 324 
31 165 227 394 
32 166 228 395 
33 167 229 396 
34 168 230 397 
35 169 231 398 
36 170 232 399 
37 171 233 400 
38 172 234 301 
39 173 235 302 
40 174 236 303 
41 175 237 304 
42 176 238 305 
43 177 239 306 
44 178 240 307 
45 179 241 308 
46 180 242 309 
47 181 243 310 
48 182 244 311 
49 183 245 312 
50 184 246 313 
51 185 247 314 
52 186 248 315 
53 187 249 316 
54 188 250 317 
55 189 251 318 
56 190 252 319 
57 191 253 320 
58 192 254 321 
59 193 255 322 
60 194 256 323 
61 195 257 324 
62 196 258 325 
63 197 259 326 
64 198 260 327 
65 199 261 328 
66 200 262 329 
67 101 263 330 
68 102 264 331 
69 103 265 332 
70 104 266 333 
71 105 267 334 
72 106 268 335 
73 107 269 336 
74 108 270 337 
75 109 271 338 
76 110 272 339 
77 111 273 340 
78 112 274 341 
79 113 275 342 
80 114 276 343 
81 115 277 344 
82 116 278 345 
83 117 279 346 
84 118 280 347 
85 119 281 348 
86 120 282 349 
87 121 283 350 
88 122 284 351 
89 123 285 352 
90 124 286 353 
91 125 287 354 
92 126 288 355 
93 127 289 356 
94 128 290 357 
95 129 291 358 
96 130 292 359 
97 131 293 360 
98 132 294 361 
99 133 295 362 
100 134 296 363 
1 135 297 364 
2 136 298 365 
3 137 299 366 
4 138 300 367 
5 139 201 368 
6 140 202 369 
7 141 203 370 
8 142 204 371 
9 143 205 372 
10 144 206 373 
11 145 207 374 
12 146 208 375 
13 147 209 376 
14 148 210 377 
15 149 211 378 
16 150 212 379 
17 151 213 380 
18 152 214 381 
19 153 215 382 
20 154 216 383 
21 155 217 384 
22 156 218 385 
23 157 219 386 
24 158 220 387 
25 159 221 388 
26 160 222 389 
27 161 223 390 
28 162 224 391 
29 163 225 392 
30 164 226 393 
20 189 273 350 
21 190 274 351 
22 191 275 352 
23 192 276 353 
24 193 277 354 
25 194 278 355 
26 195 279 356 
27 196 280 357 
28 197 281 358 
29 198 282 359 
30 199 283 360 
31 200 284 361 
32 101 285 362 
33 102 286 363 
34 103 287 364 
35 104 288 365 
36 105 289 366 
37 106 290 367 
38 107 291 368 
39 108 292 369 
40 109 293 370 
41 110 294 371 
42 111 295 372 
43 112 296 373 
44 113 297 374 
45 114 298 375 
46 115 299 376 
47 116 300 377 
48 117 201 378 
49 118 202 379 
50 119 203 380 
51 120 204 381 
52 121 205 382 
53 122 206 383 
54 123 207 384 
55 124 208 385 
56 125 209 386 
57 126 210 387 
58 127 211 388 
59 128 212 389 
60 129 213 390 
61 130 214 391 
62 131 215 392 
63 132 216 393 
64 133 217 394 
65 134 218 395 
66 135 219 396 
67 136 220 397 
68 137 221 398 
69 138 222 399 
70 139 223 400 
71 140 224 301 
72 141 225 302 
73 142 226 303 
74 143 227 304 
75 144 228 305 
76 145 229 306 
77 146 230 307 
78 147 231 308 
79 148 232 309 
80 149 233 310 
81 150 234 311 
82 151 235 312 
83 152 236 313 
84 153 237 314 
85 154 238 315 
86 155 239 316 
87 156 240 317 
88 157 241 318 
89 158 242 319 
90 159 243 320 
91 160 244 321 
92 161 245 322 
93 162 246 323 
94 163 247 324 
95 164 248 325 
96 165 249 326 
97 166 250 327 
98 167 251 328 
99 168 252 329 
100 169 253 330 
1 170 254 331 
2 171 255 332 
3 172 256 333 
4 173 257 334 
5 174 258 335 
6 175 259 336 
7 176 260 337 
8 177 261 338 
9 178 262 339 
10 179 263 340 
11 180 264 341 
12 181 265 342 
13 182 266 343 
14 183 267 344 
15 184 268 345 
16 185 269 346 
17 186 270 347 
18 187 271 348 
19 188 272 349 
79 174 234 310 
80 175 235 311 
81 176 236 312 
82 177 237 313 
83 178 238 314 
84 179 239 315 
85 180 240 316 
86 181 241 317 
87 182 242 318 
88 183 243 319 
89 184 244 320 
90 185 245 321 
91 186 246 322 
92 187 247 323 
93 188 248 324 
94 189 249 325 
95 190 250 326 
96 191 251 327 
97 192 252 328 
98 193 253 329 
99 194 254 330 
100 195 255 331 
1 196 256 332 
2 197 257 333 
3 198 258 334 
4 199 259 335 
5 200 260 336 
6 101 261 337 
7 102 262 338 
8 103 263 339 
9 104 264 340 
10 105 265 341 
11 106 266 342 
12 107 267 343 
13 108 268 344 
14 109 269 345 
15 110 270 346 
16 111 271 347 
17 112 272 348 
18 113 273 349 
19 114 274 350 
20 115 275 351 
21 116 276 352 
22 117 277 353 
23 118 278 354 
24 119 279 355 
25 120 280 356 
26 121 281 357 
27 122 282 358 
28 123 283 359 
29 124 284 360 
30 125 285 361 
31 126 286 362 
32 127 287 363 
33 128 288 364 
34 129 289 365 
35 130 290 366 
36 131 291 367 
37 132 292 368 
38 133 293 369 
39 134 294 370 
40 135 295 371 
41 136 296 372 
42 137 297 373 
43 138 298 374 
44 139 299 375 
45 140 300 376 
46 141 201 377 
47 142 202 378 
48 143 203 379 
49 144 204 380 
50 145 205 381 
51 146 206 382 
52 147 207 383 
53 148 208 384 
54 149 209 385 
55 150 210 386 
56 151 211 387 
57 152 212 388 
58 153 213 389 
59 154 214 390 
60 155 215 391 
61 156 216 392 
62 157 217 393 
63 158 218 394 
64 159 219 395 
65 160 220 396 
66 161 221 397 
67 162 222 398 
68 163 223 399 
69 164 224 400 
70 165 225 301 
71 166 226 302 
72 167 227 303 
73 168 228 304 
74 169 229 305 
75 170 230 306 
76 171 231 307 
77 172 232 308 
78 173 233 309 
4 184 217 349 
5 185 218 350 
6 186 219 351 
7 187 220 352 
8 188 221 353 
9 189 222 354 
10 190 223 355 
11 191 224 356 
12 192 225 357 
13 193 226 358 
14 194 227 359 
15 195 228 360 
16 196 229 361 
17 197 230 362 
18 198 231 363 
19 199 232 364 
20 200 233 365 
21 101 234 366 
22 102 235 367 
23 103 236 368 
24 104 237 369 
25 105 238 370 
26 106 239 371 
27 107 240 372 
28 108 241 373 
29 109 242 374 
30 110 243 375 
31 111 244 376 
32 112 245 377 
33 113 246 378 
34 114 247 379 
35 115 248 380 
36 116 249 381 
37 117 250 382 
38 118 251 383 
39 119 252 384 
40 120 253 385 
41 121 254 386 
42 122 255 387 
43 123 256 388 
44 124 257 389 
45 125 258 390 
46 126 259 391 
47 127 260 392 
48 128 261 393 
49 129 262 394 
50 130 263 395 
51 131 264 396 
52 132 265 397 
53 133 266 398 
54 134 267 399 
55 135 268 400 
56 136 269 301 
57 137 270 302 
58 138 271 303 
59 139 272 304 
60 140 273 305 
61 141 274 306 
62 142 275 307 
63 143 276 308 
64 144 277 309 
65 145 278 310 
66 146 279 311 
67 147 280 312 
68 148 281 313 
69 149 282 314 
70 150 283 315 
71 151 284 316 
72 152 285 317 
73 153 286 318 
74 154 287 319 
75 155 288 320 
76 156 289 321 
77 157 290 322 
78 158 291 323 
79 159 292 324 
80 160 293 325 
81 161 294 326 
82 162 295 327 
83 163 296 328 
84 164 297 329 
85 165 298 330 
86 166 299 331 
87 167 300 332 
88 168 201 333 
89 169 202 334 
90 170 203 335 
91 171 204 336 
92 172 205 337 
93 173 206 338 
94 174 207 339 
95 175 208 340 
96 176 209 341 
97 177 210 342 
98 178 211 343 
99 179 212 344 
100 180 213 345 
1 181 214 346 
2 182 215 347 
3 183 216 348 
88 130 264 384 
89 131 265 385 
90 132 266 386 
91 133 267 387 
92 134 268 388 
93 135 269 389 
94 136 270 390 
95 137 271 391 
96 138 272 392 
97 139 273 393 
98 140 274 394 
99 141 275 395 
100 142 276 396 
1 143 277 397 
2 144 278 398 
3 145 279 399 
4 146 280 400 
5 147 281 301 
6 148 282 302 
7 149 283 303 
8 150 284 304 
9 151 285 305 
10 152 286 306 
11 153 287 307 
12 154 288 308 
13 155 289 309 
14 156 290 310 
15 157 291 311 
16 158 292 312 
17 159 293 313 
18 160 294 314 
19 161 295 315 
20 162 296 316 
21 163 297 317 
22 164 298 318 
23 165 299 319 
24 166 300 320 
25 167 201 321 
26 168 202 322 
27 169 203 323 
28 170 204 324 
29 171 205 325 
30 172 206 326 
31 173 207 327 
32 174 208 328 
33 175 209 329 
34 176 210 330 
35 177 211 331 
36 178 212 332 
37 179 213 333 
38 180 214 334 
39 181 215 335 
40 182 216 336 
41 183 217 337 
42 184 218 338 
43 185 219 339 
44 186 220 340 
45 187 221 341 
46 188 222 342 
47 189 223 343 
48 190 224 344 
49 191 225 345 
50 192 226 346 
51 193 227 347 
52 194 228 348 
53 195 229 349 
54 196 230 350 
55 197 231 351 
56 198 232 352 
57 199 233 353 
58 200 234 354 
59 101 235 355 
60 102 236 356 
61 103 237 357 
62 104 238 358 
63 105 239 359 
64 106 240 360 
65 107 241 361 
66 108 242 362 
67 109 243 363 
68 110 244 364 
69 111 245 365 
70 112 246 366 
71 113 247 367 
72 114 248 368 
73 115 249 369 
74 116 250 370 
75 117 251 371 
76 118 252 372 
77 119 253 373 
78 120 254 374 
79 121 255 375 
80 122 256 376 
81 123 257 377 
82 124 258 378 
83 125 259 379 
84 126 260 380 
85 127 261 381 
86 128 262 382 
87 129 263 383 
53 196 276 380 425 571 682 723 898 914 
54 197 277 381 426 572 683 724 899 915 
55 198 278 382 427 573 684 725 900 916 
56 199 279 383 428 574 685 726 801 917 
57 200 280 384 429 575 686 727 802 918 
58 101 281 385 430 576 687 728 803 919 
59 102 282 386 431 577 688 729 804 920 
60 103 283 387 432 578 689 730 805 921 
61 104 284 388 433 579 690 731 806 922 
62 105 285 389 434 580 691 732 807 923 
63 106 286 390 435 581 692 733 808 924 
64 107 287 391 436 582 693 734 809 925 
65 108 288 392 437 583 694 735 810 926 
66 109 289 393 438 584 695 736 811 927 
67 110 290 394 439 585 696 737 812 928 
68 111 291 395 440 586 697 738 813 929 
69 112 292 396 441 587 698 739 814 930 
70 113 293 397 442 588 699 740 815 931 
71 114 294 398 443 589 700 741 816 932 
72 115 295 399 444 590 601 742 817 933 
73 116 296 400 445 591 602 743 818 934 
74 117 297 301 446 592 603 744 819 935 
75 118 298 302 447 593 604 745 820 936 
76 119 299 303 448 594 605 746 821 937 
77 120 300 304 449 595 606 747 822 938 
78 121 201 305 450 596 607 748 823 939 
79 122 202 306 451 597 608 749 824 940 
80 123 203 307 452 598 609 750 825 941 
81 124 204 308 453 599 610 751 826 942 
82 125 205 309 454 600 611 752 827 943 
83 126 206 310 455 501 612 753 828 944 
84 127 207 311 456 502 613 754 829 945 
85 128 208 312 457 503 614 755 830 946 
86 129 209 313 458 504 615 756 831 947 
87 130 210 314 459 505 616 757 832 948 
88 131 211 315 460 506 617 758 833 949 
89 132 212 316 461 507 618 759 834 950 
90 133 213 317 462 508 619 760 835 951 
91 134 214 318 463 509 620 761 836 952 
92 135 215 319 464 510 621 762 837 953 
93 136 216 320 465 511 622 763 838 954 
94 137 217 321 466 512 623 764 839 955 
95 138 218 322 467 513 624 765 840 956 
96 139 219 323 468 514 625 766 841 957 
97 140 220 324 469 515 626 767 842 958 
98 141 221 325 470 516 627 768 843 959 
99 142 222 326 471 517 628 769 844 960 
100 143 223 327 472 518 629 770 845 961 
1 144 224 328 473 519 630 771 846 962 
2 145 225 329 474 520 631 772 847 963 
3 146 226 330 475 521 632 773 848 964 
4 147 227 331 476 522 633 774 849 965 
5 148 228 332 477 523 634 775 850 966 
6 149 229 333 478 524 635 776 851 967 
7 150 230 334 479 525 636 777 852 968 
8 151 231 335 480 526 637 778 853 969 
9 152 232 336 481 527 638 779 854 970 
10 153 233 337 482 528 639 780 855 971 
11 154 234 338 483 529 640 781 856 972 
12 155 235 339 484 530 641 782 857 973 
13 156 236 340 485 531 642 783 858 974 
14 157 237 341 486 532 643 784 859 975 
15 158 238 342 487 533 644 785 860 976 
16 159 239 343 488 534 645 786 861 977 
17 160 240 344 489 535 646 787 862 978 
18 161 241 345 490 536 647 788 863 979 
19 162 242 346 491 537 648 789 864 980 
20 163 243 347 492 538 649 790 865 981 
21 164 244 348 493 539 650 791 866 982 
22 165 245 349 494 540 651 792 867 983 
23 166 246 350 495 541 652 793 868 984 
24 167 247 351 496 542 653 794 869 985 
25 168 248 352 497 543 654 795 870 986 
26 169 249 353 498 544 655 796 871 987 
27 170 250 354 499 545 656 797 872 988 
28 171 251 355 500 546 657 798 873 989 
29 172 252 356 401 547 658 799 874 990 
30 173 253 357 402 548 659 800 875 991 
31 174 254 358 403 549 660 701 876 992 
32 175 255 359 404 550 661 702 877 993 
33 176 256 360 405 551 662 703 878 994 
34 177 257 361 406 552 663 704 879 995 
35 178 258 362 407 553 664 705 880 996 
36 179 259 363 408 554 665 706 881 997 
37 180 260 364 409 555 666 707 882 998 
38 181 261 365 410 556 667 708 883 999 
39 182 262 366 411 557 668 709 884 1000 
40 183 263 367 412 558 669 710 885 901 
41 184 264 368 413 559 670 711 886 902 
42 185 265 369 414 560 671 712 887 903 
43 186 266 370 415 561 672 713 888 904 
44 187 267 371 416 562 673 714 889 905 
45 188 268 372 417 563 674 715 890 906 
46 189 269 373 418 564 675 716 891 907 
47 190 270 374 419 565 676 717 892 908 
48 191 271 375 420 566 677 718 893 909 
49 192 272 376 421 567 678 719 894 910 
50 193 273 377 422 568 679 720 895 911 
51 194 274 378 423 569 680 721 896 912 
52 195 275 379 424 570 681 722 897 913 
20 159 261 335 484 537 613 728 818 972 
21 160 262 336 485 538 614 729 819 973 
22 161 263 337 486 539 615 730 820 974 
23 162 264 338 487 540 616 731 821 975 
24 163 265 339 488 541 617 732 822 976 
25 164 266 340 489 542 618 733 823 977 
26 165 267 341 490 543 619 734 824 978 
27 166 268 342 491 544 620 735 825 979 
28 167 269 343 492 545 621 736 826 980 
29 168 270 344 493 546 622 737 827 981 
30 169 271 345 494 547 623 738 828 982 
31 170 272 346 495 548 624 739 829 983 
32 171 273 347 496 549 625 740 830 984 
33 172 274 348 497 550 626 741 831 985 
34 173 275 349 498 551 627 742 832 986 
35 174 276 350 499 552 628 743 833 987 
36 175 277 351 500 553 629 744 834 988 
37 176 278 352 401 554 630 745 835 989 
38 177 279 353 402 555 631 746 836 990 
39 178 280 354 403 556 632 747 837 991 
40 179 281 355 404 557 633 748 838 992 
41 180 282 356 405 558 634 749 839 993 
42 181 283 357 406 559 635 750 840 994 
43 182 284 358 407 560 636 751 841 995 
44 183 285 359 408 561 637 752 842 996 
45 184 286 360 409 562 638 753 843 997 
46 185 287 361 410 563 639 754 844 998 
47 186 288 362 411 564 640 755 845 999 
48 187 289 363 412 565 641 756 846 1000 
49 188 290 364 413 566 642 757 847 901 
50 189 291 365 414 567 643 758 848 902 
51 190 292 366 415 568 644 759 849 903 
52 191 293 367 416 569 645 760 850 904 
53 192 294 368 417 570 646 761 851 905 
54 193 295 369 418 571 647 762 852 906 
55 194 296 370 419 572 648 763 853 907 
56 195 297 371 420 573 649 764 854 908 
57 196 298 372 421 574 650 765 855 909 
58 197 299 373 422 575 651 766 856 910 
59 198 300 374 423 576 652 767 857 911 
60 199 201 375 424 577 653 768 858 912 
61 200 202 376 425 578 654 769 859 913 
62 101 203 377 426 579 655 770 860 914 
63 102 204 378 427 580 656 771 861 915 
64 103 205 379 428 581 657 772 862 916 
65 104 206 380 429 582 658 773 863 917 
66 105 207 381 430 583 659 774 864 918 
67 106 208 382 431 584 660 775 865 919 
68 107 209 383 432 585 661 776 866 920 
69 108 210 384 433 586 662 777 867 921 
70 109 211 385 434 587 663 778 868 922 
71 110 212 386 435 588 664 779 869 923 
72 111 213 387 436 589 665 780 870 924 
73 112 214 388 437 590 666 781 871 925 
74 113 215 389 438 591 667 782 872 926 
75 114 216 390 439 592 668 783 873 927 
76 115 217 391 440 593 669 784 874 928 
77 116 218 392 441 594 670 785 875 929 
78 117 219 393 442 595 671 786 876 930 
79 118 220 394 443 596 672 787 877 931 
80 119 221 395 444 597 673 788 878 932 
81 120 222 396 445 598 674 789 879 933 
82 121 223 397 446 599 675 790 880 934 
83 122 224 398 447 600 676 791 881 935 
84 123 225 399 448 501 677 792 882 936 
85 124 226 400 449 502 678 793 883 937 
86 125 227 301 450 503 679 794 884 938 
87 126 228 302 451 504 680 795 885 939 
88 127 229 303 452 505 681 796 886 940 
89 128 230 304 453 506 682 797 887 941 
90 129 231 305 454 507 683 798 888 942 
91 130 232 306 455 508 684 799 889 943 
92 131 233 307 456 509 685 800 890 944 
93 132 234 308 457 510 686 701 891 945 
94 133 235 309 458 511 687 702 892 946 
95 134 236 310 459 512 688 703 893 947 
96 135 237 311 460 513 689 704 894 948 
97 136 238 312 461 514 690 705 895 949 
98 137 239 313 462 515 691 706 896 950 
99 138 240 314 463 516 692 707 897 951 
100 139 241 315 464 517 693 708 898 952 
1 140 242 316 465 518 694 709 899 953 
2 141 243 317 466 519 695 710 900 954 
3 142 244 318 467 520 696 711 801 955 
4 143 245 319 468 521 697 712 802 956 
5 144 246 320 469 522 698 713 803 957 
6 145 247 321 470 523 699 714 804 958 
7 146 248 322 471 524 700 715 805 959 
8 147 249 323 472 525 601 716 806 960 
9 148 250 324 473 526 602 717 807 961 
10 149 251 325 474 527 603 718 808 962 
11 150 252 326 475 528 604 719 809 963 
12 151 253 327 476 529 605 720 810 964 
13 152 254 328 477 530 606 721 811 965 
14 153 255 329 478 531 607 722 812 966 
15 154 256 330 479 532 608 723 813 967 
16 155 257 331 480 533 609 724 814 968 
17 156 258 332 481 534 610 725 815 969 
18 157 259 333 482 535 611 726 816 970 
19 158 260 334 483 536 612 727 817 971 
15 169 294 329 410 575 629 768 885 938 
16 170 295 330 411 576 630 769 886 939 
17 171 296 331 412 577 631 770 887 940 
18 172 297 332 413 578 632 771 888 941 
19 173 298 333 414 579 633 772 889 942 
20 174 299 334 415 580 634 773 890 943 
21 175 300 335 416 581 635 774 891 944 
22 176 201 336 417 582 636 775 892 945 
23 177 202 337 418 583 637 776 893 946 
24 178 203 338 419 584 638 777 894 947 
25 179 204 339 420 585 639 778 895 948 
26 180 205 340 421 586 640 779 896 949 
27 181 206 341 422 587 641 780 897 950 
28 182 207 342 423 588 642 781 898 951 
29 183 208 343 424 589 643 782 899 952 
30 184 209 344 425 590 644 783 900 953 
31 185 210 345 426 591 645 784 801 954 
32 186 211 346 427 592 646 785 802 955 
33 187 212 347 428 593 647 786 803 956 
34 188 213 348 429 594 648 787 804 957 
35 189 214 349 430 595 649 788 805 958 
36 190 215 350 431 596 650 789 806 959 
37 191 216 351 432 597 651 790 807 960 
38 192 217 352 433 598 652 791 808 961 
39 193 218 353 434 599 653 792 809 962 
40 194 219 354 435 600 654 793 810 963 
41 195 220 355 436 501 655 794 811 964 
42 196 221 356 437 502 656 795 812 965 
43 197 222 357 438 503 657 796 813 966 
44 198 223 358 439 504 658 797 814 967 
45 199 224 359 440 505 659 798 815 968 
46 200 225 360 441 506 660 799 816 969 
47 101 226 361 442 507 661 800 817 970 
48 102 227 362 443 508 662 701 818 971 
49 103 228 363 444 509 663 702 819 972 
50 104 229 364 445 510 664 703 820 973 
51 105 230 365 446 511 665 704 821 974 
52 106 231 366 447 512 666 705 822 975 
53 107 232 367 448 513 667 706 823 976 
54 108 233 368 449 514 668 707 824 977 
55 109 234 369 450 515 669 708 825 978 
56 110 235 370 451 516 670 709 826 979 
57 111 236 371 452 517 671 710 827 980 
58 112 237 372 453 518 672 711 828 981 
59 113 238 373 454 519 673 712 829 982 
60 114 239 374 455 520 674 713 830 983 
61 115 240 375 456 521 675 714 831 984 
62 116 241 376 457 522 676 715 832 985 
63 117 242 377 458 523 677 716 833 986 
64 118 243 378 459 524 678 717 834 987 
65 119 244 379 460 525 679 718 835 988 
66 120 245 380 461 526 680 719 836 989 
67 121 246 381 462 527 681 720 837 990 
68 122 247 382 463 528 682 721 838 991 
69 123 248 383 464 529 683 722 839 992 
70 124 249 384 465 530 684 723 840 993 
71 125 250 385 466 531 685 724 841 994 
72 126 251 386 467 532 686 725 842 995 
73 127 252 387 468 533 687 726 843 996 
74 128 253 388 469 534 688 727 844 997 
75 129 254 389 470 535 689 728 845 998 
76 130 255 390 471 536 690 729 846 999 
77 131 256 391 472 537 691 730 847 1000 
78 132 257 392 473 538 692 731 848 901 
79 133 258 393 474 539 693 732 849 902 
80 134 259 394 475 540 694 733 850 903 
81 135 260 395 476 541 695 734 851 904 
82 136 261 396 477 542 696 735 852 905 
83 137 262 397 478 543 697 736 853 906 
84 138 263 398 479 544 698 737 854 907 
85 139 264 399 480 545 699 738 855 908 
86 140 265 400 481 546 700 739 856 909 
87 141 266 301 482 547 601 740 857 910 
88 142 267 302 483 548 602 741 858 911 
89 143 268 303 484 549 603 742 859 912 
90 144 269 304 485 550 604 743 860 913 
91 145 270 305 486 551 605 744 861 914 
92 146 271 306 487 552 606 745 862 915 
93 147 272 307 488 553 607 746 863 916 
94 148 273 308 489 554 608 747 864 917 
95 149 274 309 490 555 609 748 865 918 
96 150 275 310 491 556 610 749 866 919 
97 151 276 311 492 557 611 750 867 920 
98 152 277 312 493 558 612 751 868 921 
99 153 278 313 494 559 613 752 869 922 
100 154 279 314 495 560 614 753 870 923 
1 155 280 315 496 561 615 754 871 924 
2 156 281 316 497 562 616 755 872 925 
3 157 282 317 498 563 617 756 873 926 
4 158 283 318 499 564 618 757 874 927 
5 159 284 319 500 565 619 758 875 928 
6 160 285 320 401 566 620 759 876 929 
7 161 286 321 402 567 621 760 877 930 
8 162 287 322 403 568 622 761 878 931 
9 163 288 323 404 569 623 762 879 932 
10 164 289 324 405 570 624 763 880 933 
11 165 290 325 406 571 625 764 881 934 
12 166 291 326 407 572 626 765 882 935 
13 167 292 327 408 573 627 766 883 936 
14 168 293 328 409 574 628 767 884 937 
96 185 212 344 477 508 652 792 853 918 
97 186 213 345 478 509 653 793 854 919 
98 187 214 346 479 510 654 794 855 920 
99 188 215 347 480 511 655 795 856 921 
100 189 216 348 481 512 656 796 857 922 
1 190 217 349 482 513 657 797 858 923 
2 191 218 350 483 514 658 798 859 924 
3 192 219 351 484 515 659 799 860 925 
4 193 220 352 485 516 660 800 861 926 
5 194 221 353 486 517 661 701 862 927 
6 195 222 354 487 518 662 702 863 928 
7 196 223 355 488 519 663 703 864 929 
8 197 224 356 489 520 664 704 865 930 
9 198 225 357 490 521 665 705 866 931 
10 199 226 358 491 522 666 706 867 932 
11 200 227 359 492 523 667 707 868 933 
12 101 228 360 493 524 668 708 869 934 
13 102 229 361 494 525 669 709 870 935 
14 103 230 362 495 526 670 710 871 936 
15 104 231 363 496 527 671 711 872 937 
16 105 232 364 497 528 672 712 873 938 
17 106 233 365 498 529 673 713 874 939 
18 107 234 366 499 530 674 714 875 940 
19 108 235 367 500 531 675 715 876 941 
20 109 236 368 401 532 676 716 877 942 
21 110 237 369 402 533 677 717 878 943 
22 111 238 370 403 534 678 718 879 944 
23 112 239 371 404 535 679 719 880 945 
24 113 240 372 405 536 680 720 881 946 
25 114 241 373 406 537 681 721 882 947 
26 115 242 374 407 538 682 722 883 948 
27 116 243 375 408 539 683 723 884 949 
28 117 244 376 409 540 684 724 885 950 
29 118 245 377 410 541 685 725 886 951 
30 119 246 378 411 542 686 726 887 952 
31 120 247 379 412 543 687 727 888 953 
32 121 248 380 413 544 688 728 889 954 
33 122 249 381 414 545 689 729 890 955 
34 123 250 382 415 546 690 730 891 956 
35 124 251 383 416 547 691 731 892 957 
36 125 252 384 417 548 692 732 893 958 
37 126 253 385 418 549 693 733 894 959 
38 127 254 386 419 550 694 734 895 960 
39 128 255 387 420 551 695 735 896 961 
40 129 256 388 421 552 696 736 897 962 
41 130 257 389 422 553 697 737 898 963 
42 131 258 390 423 554 698 738 899 964 
43 132 259 391 424 555 699 739 900 965 
44 133 260 392 425 556 700 740 801 966 
45 134 261 393 426 557 601 741 802 967 
46 135 262 394 427 558 602 742 803 968 
47 136 263 395 428 559 603 743 804 969 
48 137 264 396 429 560 604 744 805 970 
49 138 265 397 430 561 605 745 806 971 
50 139 266 398 431 562 606 746 807 972 
51 140 267 399 432 563 607 747 808 973 
52 141 268 400 433 564 608 748 809 974 
53 142 269 301 434 565 609 749 810 975 
54 143 270 302 435 566 610 750 811 976 
55 144 271 303 436 567 611 751 812 977 
56 145 272 304 437 568 612 752 813 978 
57 146 273 305 438 569 613 753 814 979 
58 147 274 306 439 570 614 754 815 980 
59 148 275 307 440 571 615 755 816 981 
60 149 276 308 441 572 616 756 817 982 
61 150 277 309 442 573 617 757 818 983 
62 151 278 310 443 574 618 758 819 984 
63 152 279 311 444 575 619 759 820 985 
64 153 280 312 445 576 620 760 821 986 
65 154 281 313 446 577 621 761 822 987 
66 155 282 314 447 578 622 762 823 988 
67 156 283 315 448 579 623 763 824 989 
68 157 284 316 449 580 624 764 825 990 
69 158 285 317 450 581 625 765 826 991 
70 159 286 318 451 582 626 766 827 992 
71 160 287 319 452 583 627 767 828 993 
72 161 288 320 453 584 628 768 829 994 
73 162 289 321 454 585 629 769 830 995 
74 163 290 322 455 586 630 770 831 996 
75 164 291 323 456 587 631 771 832 997 
76 165 292 324 457 588 632 772 833 998 
77 166 293 325 458 589 633 773 834 999 
78 167 294 326 459 590 634 774 835 1000 
79 168 295 327 460 591 635 775 836 901 
80 169 296 328 461 592 636 776 837 902 
81 170 297 329 462 593 637 777 838 903 
82 171 298 330 463 594 638 778 839 904 
83 172 299 331 464 595 639 779 840 905 
84 173 300 332 465 596 640 780 841 906 
85 174 201 333 466 597 641 781 842 907 
86 175 202 334 467 598 642 782 843 908 
87 176 203 335 468 599 643 783 844 909 
88 177 204 336 469 600 644 784 845 910 
89 178 205 337 470 501 645 785 846 911 
90 179 206 338 471 502 646 786 847 912 
91 180 207 339 472 503 647 787 848 913 
92 181 208 340 473 504 648 788 849 914 
93 182 209 341 474 505 649 789 850 915 
94 183 210 342 475 506 650 790 851 916 
95 184 211 343 476 507 651 791 852 917 
