96 48
4 9
4 4 4 4 4 4 4 4 4 4 4 4 4 4 4 4 4 4 4 4 4 4 4 4 4 4 4 4 4 4 4 4 4 4 4 4 4 4 4 4 4 4 4 4 4 4 4 4 4 4 4 4 4 4 4 4 4 4 4 4 4 4 4 4 4 4 4 4 4 4 4 4 4 4 4 4 4 4 4 4 4 4 4 4 4 4 4 4 4 4 4 4 4 4 4 4 
8 8 8 8 8 8 8 8 8 8 8 8 8 8 8 8 8 9 8 8 8 8 8 8 8 8 8 8 8 8 8 8 8 8 8 8 8 8 8 8 8 7 8 8 8 8 8 8 
12 28 36 45 
2 6 29 45 
2 30 31 41 
13 28 35 43 
8 25 27 29 
8 9 24 47 
14 25 26 38 
23 32 36 44 
18 22 46 47 
1 5 20 22 
17 32 37 39 
3 4 6 48 
16 23 33 42 
11 15 19 37 
21 34 40 46 
7 10 34 41 
11 21 27 42 
13 15 20 31 
12 18 19 38 
3 17 40 43 
9 10 44 48 
4 5 14 16 
1 24 30 33 
7 26 35 39 
20 25 34 36 
1 19 35 48 
10 15 33 45 
4 13 18 27 
3 23 38 41 
2 14 17 24 
26 31 42 47 
5 21 29 32 
28 30 37 46 
11 22 43 44 
9 12 16 39 
6 7 8 40 
8 12 15 34 
5 24 27 36 
14 37 45 47 
4 26 33 44 
7 18 32 48 
6 11 39 41 
9 19 28 42 
17 23 31 35 
2 10 21 22 
3 16 20 29 
1 13 38 40 
12 25 43 46 
21 30 35 45 
24 40 41 42 
19 22 23 26 
15 27 32 43 
3 13 34 44 
1 10 29 39 
16 18 31 37 
5 11 38 46 
2 7 28 47 
14 33 36 48 
6 9 20 30 
4 7 17 25 
8 10 23 28 
3 11 31 33 
6 15 16 21 
12 17 29 41 
20 27 37 48 
1 18 25 45 
4 32 35 42 
2 8 13 46 
24 34 38 43 
5 39 40 44 
9 15 26 36 
14 22 27 30 
6 19 34 47 
26 30 40 48 
7 29 37 42 
8 21 31 38 
17 19 20 46 
25 33 39 47 
16 28 32 41 
2 3 9 35 
1 4 12 23 
5 10 13 30 
14 18 29 44 
3 22 24 45 
8 11 18 36 
4 36 41 43 
10 16 17 38 
9 22 25 37 
12 20 21 26 
7 27 44 45 
2 5 19 43 
11 13 47 48 
14 15 28 40 
1 31 32 34 
23 24 39 46 
6 18 33 35 
10 23 26 47 54 66 81 94 0 
2 3 30 45 57 68 80 91 0 
12 20 29 46 53 62 80 84 0 
12 22 28 40 60 67 81 86 0 
10 22 32 38 56 70 82 91 0 
2 12 36 42 59 63 73 96 0 
16 24 36 41 57 60 75 90 0 
5 6 36 37 61 68 76 85 0 
6 21 35 43 59 71 80 88 0 
16 21 27 45 54 61 82 87 0 
14 17 34 42 56 62 85 92 0 
1 19 35 37 48 64 81 89 0 
4 18 28 47 53 68 82 92 0 
7 22 30 39 58 72 83 93 0 
14 18 27 37 52 63 71 93 0 
13 22 35 46 55 63 79 87 0 
11 20 30 44 60 64 77 87 0 
9 19 28 41 55 66 83 85 96 
14 19 26 43 51 73 77 91 0 
10 18 25 46 59 65 77 89 0 
15 17 32 45 49 63 76 89 0 
9 10 34 45 51 72 84 88 0 
8 13 29 44 51 61 81 95 0 
6 23 30 38 50 69 84 95 0 
5 7 25 48 60 66 78 88 0 
7 24 31 40 51 71 74 89 0 
5 17 28 38 52 65 72 90 0 
1 4 33 43 57 61 79 93 0 
2 5 32 46 54 64 75 83 0 
3 23 33 49 59 72 74 82 0 
3 18 31 44 55 62 76 94 0 
8 11 32 41 52 67 79 94 0 
13 23 27 40 58 62 78 96 0 
15 16 25 37 53 69 73 94 0 
4 24 26 44 49 67 80 96 0 
1 8 25 38 58 71 85 86 0 
11 14 33 39 55 65 75 88 0 
7 19 29 47 56 69 76 87 0 
11 24 35 42 54 70 78 95 0 
15 20 36 47 50 70 74 93 0 
3 16 29 42 50 64 79 86 0 
13 17 31 43 50 67 75 0 0 
4 20 34 48 52 69 86 91 0 
8 21 34 40 53 70 83 90 0 
1 2 27 39 49 66 84 90 0 
9 15 33 48 56 68 77 95 0 
6 9 31 39 57 73 78 92 0 
12 21 26 41 58 65 74 92 0 
