1024 512
4 8
4 4 4 4 4 4 4 4 4 4 4 4 4 4 4 4 4 4 4 4 4 4 4 4 4 4 4 4 4 4 4 4 4 4 4 4 4 4 4 4 4 4 4 4 4 4 4 4 4 4 4 4 4 4 4 4 4 4 4 4 4 4 4 4 4 4 4 4 4 4 4 4 4 4 4 4 4 4 4 4 4 4 4 4 4 4 4 4 4 4 4 4 4 4 4 4 4 4 4 4 4 4 4 4 4 4 4 4 4 4 4 4 4 4 4 4 4 4 4 4 4 4 4 4 4 4 4 4 4 4 4 4 4 4 4 4 4 4 4 4 4 4 4 4 4 4 4 4 4 4 4 4 4 4 4 4 4 4 4 4 4 4 4 4 4 4 4 4 4 4 4 4 4 4 4 4 4 4 4 4 4 4 4 4 4 4 4 4 4 4 4 4 4 4 4 4 4 4 4 4 4 4 4 4 4 4 4 4 4 4 4 4 4 4 4 4 4 4 4 4 4 4 4 4 4 4 4 4 4 4 4 4 4 4 4 4 4 4 4 4 4 4 4 4 4 4 4 4 4 4 4 4 4 4 4 4 4 4 4 4 4 4 4 4 4 4 4 4 4 4 4 4 4 4 4 4 4 4 4 4 4 4 4 4 4 4 4 4 4 4 4 4 4 4 4 4 4 4 4 4 4 4 4 4 4 4 4 4 4 4 4 4 4 4 4 4 4 4 4 4 4 4 4 4 4 4 4 4 4 4 4 4 4 4 4 4 4 4 4 4 4 4 4 4 4 4 4 4 4 4 4 4 4 4 4 4 4 4 4 4 4 4 4 4 4 4 4 4 4 4 4 4 4 4 4 4 4 4 4 4 4 4 4 4 4 4 4 4 4 4 4 4 4 4 4 4 4 4 4 4 4 4 4 4 4 4 4 4 4 4 4 4 4 4 4 4 4 4 4 4 4 4 4 4 4 4 4 4 4 4 4 4 4 4 4 4 4 4 4 4 4 4 4 4 4 4 4 4 4 4 4 4 4 4 4 4 4 4 4 4 4 4 4 4 4 4 4 4 4 4 4 4 4 4 4 4 4 4 4 4 4 4 4 4 4 4 4 4 4 4 4 4 4 4 4 4 4 4 4 4 4 4 4 4 4 4 4 4 4 4 4 4 4 4 4 4 4 4 4 4 4 4 4 4 4 4 4 4 4 4 4 4 4 4 4 4 4 4 4 4 4 4 4 4 4 4 4 4 4 4 4 4 4 4 4 4 4 4 4 4 4 4 4 4 4 4 4 4 4 4 4 4 4 4 4 4 4 4 4 4 4 4 4 4 4 4 4 4 4 4 4 4 4 4 4 4 4 4 4 4 4 4 4 4 4 4 4 4 4 4 4 4 4 4 4 4 4 4 4 4 4 4 4 4 4 4 4 4 4 4 4 4 4 4 4 4 4 4 4 4 4 4 4 4 4 4 4 4 4 4 4 4 4 4 4 4 4 4 4 4 4 4 4 4 4 4 4 4 4 4 4 4 4 4 4 4 4 4 4 4 4 4 4 4 4 4 4 4 4 4 4 4 4 4 4 4 4 4 4 4 4 4 4 4 4 4 4 4 4 4 4 4 4 4 4 4 4 4 4 4 4 4 4 4 4 4 4 4 4 4 4 4 4 4 4 4 4 4 4 4 4 4 4 4 4 4 4 4 4 4 4 4 4 4 4 4 4 4 4 4 4 4 4 4 4 4 4 4 4 4 4 4 4 4 4 4 4 4 4 4 4 4 4 4 4 4 4 4 4 4 4 4 4 4 4 4 4 4 4 4 4 4 4 4 4 4 4 4 4 4 4 4 4 4 4 4 4 4 4 4 4 4 4 4 4 4 4 4 4 4 4 4 4 4 4 4 4 4 4 4 4 4 4 4 4 4 4 4 4 4 4 4 4 4 4 4 4 4 4 4 4 4 4 4 4 4 4 4 4 4 4 4 4 4 4 4 4 4 4 4 4 4 4 4 4 4 4 4 4 4 4 4 4 4 4 4 4 4 4 4 4 4 4 4 4 4 4 4 4 4 4 4 4 4 4 4 4 4 4 4 4 4 4 4 4 4 4 4 4 4 4 4 4 4 4 4 4 4 4 4 4 4 4 4 4 4 4 4 4 4 4 4 4 4 4 4 4 4 4 4 4 4 4 4 4 4 4 4 4 4 4 4 4 4 4 4 4 4 4 4 4 4 4 4 4 4 4 4 4 4 4 4 4 4 4 4 4 4 4 4 4 4 4 4 4 4 4 4 4 4 4 4 4 4 4 4 4 4 4 4 4 4 4 4 
8 8 8 8 8 8 8 8 8 8 8 8 8 8 8 8 8 8 8 8 8 8 8 8 8 8 8 8 8 8 8 8 8 8 8 8 8 8 8 8 8 8 8 8 8 8 8 8 8 8 8 8 8 8 8 8 8 8 8 8 8 8 8 8 8 8 8 8 8 8 8 8 8 8 8 8 8 8 8 8 8 8 8 8 8 8 8 8 8 8 8 8 8 8 8 8 8 8 8 8 8 8 8 8 8 8 8 8 8 8 8 8 8 8 8 8 8 8 8 8 8 8 8 8 8 8 8 8 8 8 8 8 8 8 8 8 8 8 8 8 8 8 8 8 8 8 8 8 8 8 8 8 8 8 8 8 8 8 8 8 8 8 8 8 8 8 8 8 8 8 8 8 8 8 8 8 8 8 8 8 8 8 8 8 8 8 8 8 8 8 8 8 8 8 8 8 8 8 8 8 8 8 8 8 8 8 8 8 8 8 8 8 8 8 8 8 8 8 8 8 8 8 8 8 8 8 8 8 8 8 8 8 8 8 8 8 8 8 8 8 8 8 8 8 8 8 8 8 8 8 8 8 8 8 8 8 8 8 8 8 8 8 8 8 8 8 8 8 8 8 8 8 8 8 8 8 8 8 8 8 8 8 8 8 8 8 8 8 8 8 8 8 8 8 8 8 8 8 8 8 8 8 8 8 8 8 8 8 8 8 8 8 8 8 8 8 8 8 8 8 8 8 8 8 8 8 8 8 8 8 8 8 8 8 8 8 8 8 8 8 8 8 8 8 8 8 8 8 8 8 8 8 8 8 8 8 8 8 8 8 8 8 8 8 8 8 8 8 8 8 8 8 8 8 8 8 8 8 8 8 8 8 8 8 8 8 8 8 8 8 8 8 8 8 8 8 8 8 8 8 8 8 8 8 8 8 8 8 8 8 8 8 8 8 8 8 8 8 8 8 8 8 8 8 8 8 8 8 8 8 8 8 8 8 8 8 8 8 8 8 8 8 8 8 8 8 8 8 8 8 8 8 8 8 8 8 8 8 8 8 8 8 8 8 8 8 8 8 8 8 8 8 8 8 8 8 8 8 8 8 8 8 8 8 8 8 8 8 8 8 8 8 8 8 8 8 8 8 8 8 8 8 8 8 8 8 8 8 8 8 8 8 
109 174 380 505 
110 175 381 506 
111 176 382 507 
112 177 383 508 
113 178 384 509 
114 179 257 510 
115 180 258 511 
116 181 259 512 
117 182 260 385 
118 183 261 386 
119 184 262 387 
120 185 263 388 
121 186 264 389 
122 187 265 390 
123 188 266 391 
124 189 267 392 
125 190 268 393 
126 191 269 394 
127 192 270 395 
128 193 271 396 
1 194 272 397 
2 195 273 398 
3 196 274 399 
4 197 275 400 
5 198 276 401 
6 199 277 402 
7 200 278 403 
8 201 279 404 
9 202 280 405 
10 203 281 406 
11 204 282 407 
12 205 283 408 
13 206 284 409 
14 207 285 410 
15 208 286 411 
16 209 287 412 
17 210 288 413 
18 211 289 414 
19 212 290 415 
20 213 291 416 
21 214 292 417 
22 215 293 418 
23 216 294 419 
24 217 295 420 
25 218 296 421 
26 219 297 422 
27 220 298 423 
28 221 299 424 
29 222 300 425 
30 223 301 426 
31 224 302 427 
32 225 303 428 
33 226 304 429 
34 227 305 430 
35 228 306 431 
36 229 307 432 
37 230 308 433 
38 231 309 434 
39 232 310 435 
40 233 311 436 
41 234 312 437 
42 235 313 438 
43 236 314 439 
44 237 315 440 
45 238 316 441 
46 239 317 442 
47 240 318 443 
48 241 319 444 
49 242 320 445 
50 243 321 446 
51 244 322 447 
52 245 323 448 
53 246 324 449 
54 247 325 450 
55 248 326 451 
56 249 327 452 
57 250 328 453 
58 251 329 454 
59 252 330 455 
60 253 331 456 
61 254 332 457 
62 255 333 458 
63 256 334 459 
64 129 335 460 
65 130 336 461 
66 131 337 462 
67 132 338 463 
68 133 339 464 
69 134 340 465 
70 135 341 466 
71 136 342 467 
72 137 343 468 
73 138 344 469 
74 139 345 470 
75 140 346 471 
76 141 347 472 
77 142 348 473 
78 143 349 474 
79 144 350 475 
80 145 351 476 
81 146 352 477 
82 147 353 478 
83 148 354 479 
84 149 355 480 
85 150 356 481 
86 151 357 482 
87 152 358 483 
88 153 359 484 
89 154 360 485 
90 155 361 486 
91 156 362 487 
92 157 363 488 
93 158 364 489 
94 159 365 490 
95 160 366 491 
96 161 367 492 
97 162 368 493 
98 163 369 494 
99 164 370 495 
100 165 371 496 
101 166 372 497 
102 167 373 498 
103 168 374 499 
104 169 375 500 
105 170 376 501 
106 171 377 502 
107 172 378 503 
108 173 379 504 
70 130 309 402 
71 131 310 403 
72 132 311 404 
73 133 312 405 
74 134 313 406 
75 135 314 407 
76 136 315 408 
77 137 316 409 
78 138 317 410 
79 139 318 411 
80 140 319 412 
81 141 320 413 
82 142 321 414 
83 143 322 415 
84 144 323 416 
85 145 324 417 
86 146 325 418 
87 147 326 419 
88 148 327 420 
89 149 328 421 
90 150 329 422 
91 151 330 423 
92 152 331 424 
93 153 332 425 
94 154 333 426 
95 155 334 427 
96 156 335 428 
97 157 336 429 
98 158 337 430 
99 159 338 431 
100 160 339 432 
101 161 340 433 
102 162 341 434 
103 163 342 435 
104 164 343 436 
105 165 344 437 
106 166 345 438 
107 167 346 439 
108 168 347 440 
109 169 348 441 
110 170 349 442 
111 171 350 443 
112 172 351 444 
113 173 352 445 
114 174 353 446 
115 175 354 447 
116 176 355 448 
117 177 356 449 
118 178 357 450 
119 179 358 451 
120 180 359 452 
121 181 360 453 
122 182 361 454 
123 183 362 455 
124 184 363 456 
125 185 364 457 
126 186 365 458 
127 187 366 459 
128 188 367 460 
1 189 368 461 
2 190 369 462 
3 191 370 463 
4 192 371 464 
5 193 372 465 
6 194 373 466 
7 195 374 467 
8 196 375 468 
9 197 376 469 
10 198 377 470 
11 199 378 471 
12 200 379 472 
13 201 380 473 
14 202 381 474 
15 203 382 475 
16 204 383 476 
17 205 384 477 
18 206 257 478 
19 207 258 479 
20 208 259 480 
21 209 260 481 
22 210 261 482 
23 211 262 483 
24 212 263 484 
25 213 264 485 
26 214 265 486 
27 215 266 487 
28 216 267 488 
29 217 268 489 
30 218 269 490 
31 219 270 491 
32 220 271 492 
33 221 272 493 
34 222 273 494 
35 223 274 495 
36 224 275 496 
37 225 276 497 
38 226 277 498 
39 227 278 499 
40 228 279 500 
41 229 280 501 
42 230 281 502 
43 231 282 503 
44 232 283 504 
45 233 284 505 
46 234 285 506 
47 235 286 507 
48 236 287 508 
49 237 288 509 
50 238 289 510 
51 239 290 511 
52 240 291 512 
53 241 292 385 
54 242 293 386 
55 243 294 387 
56 244 295 388 
57 245 296 389 
58 246 297 390 
59 247 298 391 
60 248 299 392 
61 249 300 393 
62 250 301 394 
63 251 302 395 
64 252 303 396 
65 253 304 397 
66 254 305 398 
67 255 306 399 
68 256 307 400 
69 129 308 401 
78 227 269 434 
79 228 270 435 
80 229 271 436 
81 230 272 437 
82 231 273 438 
83 232 274 439 
84 233 275 440 
85 234 276 441 
86 235 277 442 
87 236 278 443 
88 237 279 444 
89 238 280 445 
90 239 281 446 
91 240 282 447 
92 241 283 448 
93 242 284 449 
94 243 285 450 
95 244 286 451 
96 245 287 452 
97 246 288 453 
98 247 289 454 
99 248 290 455 
100 249 291 456 
101 250 292 457 
102 251 293 458 
103 252 294 459 
104 253 295 460 
105 254 296 461 
106 255 297 462 
107 256 298 463 
108 129 299 464 
109 130 300 465 
110 131 301 466 
111 132 302 467 
112 133 303 468 
113 134 304 469 
114 135 305 470 
115 136 306 471 
116 137 307 472 
117 138 308 473 
118 139 309 474 
119 140 310 475 
120 141 311 476 
121 142 312 477 
122 143 313 478 
123 144 314 479 
124 145 315 480 
125 146 316 481 
126 147 317 482 
127 148 318 483 
128 149 319 484 
1 150 320 485 
2 151 321 486 
3 152 322 487 
4 153 323 488 
5 154 324 489 
6 155 325 490 
7 156 326 491 
8 157 327 492 
9 158 328 493 
10 159 329 494 
11 160 330 495 
12 161 331 496 
13 162 332 497 
14 163 333 498 
15 164 334 499 
16 165 335 500 
17 166 336 501 
18 167 337 502 
19 168 338 503 
20 169 339 504 
21 170 340 505 
22 171 341 506 
23 172 342 507 
24 173 343 508 
25 174 344 509 
26 175 345 510 
27 176 346 511 
28 177 347 512 
29 178 348 385 
30 179 349 386 
31 180 350 387 
32 181 351 388 
33 182 352 389 
34 183 353 390 
35 184 354 391 
36 185 355 392 
37 186 356 393 
38 187 357 394 
39 188 358 395 
40 189 359 396 
41 190 360 397 
42 191 361 398 
43 192 362 399 
44 193 363 400 
45 194 364 401 
46 195 365 402 
47 196 366 403 
48 197 367 404 
49 198 368 405 
50 199 369 406 
51 200 370 407 
52 201 371 408 
53 202 372 409 
54 203 373 410 
55 204 374 411 
56 205 375 412 
57 206 376 413 
58 207 377 414 
59 208 378 415 
60 209 379 416 
61 210 380 417 
62 211 381 418 
63 212 382 419 
64 213 383 420 
65 214 384 421 
66 215 257 422 
67 216 258 423 
68 217 259 424 
69 218 260 425 
70 219 261 426 
71 220 262 427 
72 221 263 428 
73 222 264 429 
74 223 265 430 
75 224 266 431 
76 225 267 432 
77 226 268 433 
40 183 277 497 
41 184 278 498 
42 185 279 499 
43 186 280 500 
44 187 281 501 
45 188 282 502 
46 189 283 503 
47 190 284 504 
48 191 285 505 
49 192 286 506 
50 193 287 507 
51 194 288 508 
52 195 289 509 
53 196 290 510 
54 197 291 511 
55 198 292 512 
56 199 293 385 
57 200 294 386 
58 201 295 387 
59 202 296 388 
60 203 297 389 
61 204 298 390 
62 205 299 391 
63 206 300 392 
64 207 301 393 
65 208 302 394 
66 209 303 395 
67 210 304 396 
68 211 305 397 
69 212 306 398 
70 213 307 399 
71 214 308 400 
72 215 309 401 
73 216 310 402 
74 217 311 403 
75 218 312 404 
76 219 313 405 
77 220 314 406 
78 221 315 407 
79 222 316 408 
80 223 317 409 
81 224 318 410 
82 225 319 411 
83 226 320 412 
84 227 321 413 
85 228 322 414 
86 229 323 415 
87 230 324 416 
88 231 325 417 
89 232 326 418 
90 233 327 419 
91 234 328 420 
92 235 329 421 
93 236 330 422 
94 237 331 423 
95 238 332 424 
96 239 333 425 
97 240 334 426 
98 241 335 427 
99 242 336 428 
100 243 337 429 
101 244 338 430 
102 245 339 431 
103 246 340 432 
104 247 341 433 
105 248 342 434 
106 249 343 435 
107 250 344 436 
108 251 345 437 
109 252 346 438 
110 253 347 439 
111 254 348 440 
112 255 349 441 
113 256 350 442 
114 129 351 443 
115 130 352 444 
116 131 353 445 
117 132 354 446 
118 133 355 447 
119 134 356 448 
120 135 357 449 
121 136 358 450 
122 137 359 451 
123 138 360 452 
124 139 361 453 
125 140 362 454 
126 141 363 455 
127 142 364 456 
128 143 365 457 
1 144 366 458 
2 145 367 459 
3 146 368 460 
4 147 369 461 
5 148 370 462 
6 149 371 463 
7 150 372 464 
8 151 373 465 
9 152 374 466 
10 153 375 467 
11 154 376 468 
12 155 377 469 
13 156 378 470 
14 157 379 471 
15 158 380 472 
16 159 381 473 
17 160 382 474 
18 161 383 475 
19 162 384 476 
20 163 257 477 
21 164 258 478 
22 165 259 479 
23 166 260 480 
24 167 261 481 
25 168 262 482 
26 169 263 483 
27 170 264 484 
28 171 265 485 
29 172 266 486 
30 173 267 487 
31 174 268 488 
32 175 269 489 
33 176 270 490 
34 177 271 491 
35 178 272 492 
36 179 273 493 
37 180 274 494 
38 181 275 495 
39 182 276 496 
73 175 281 476 
74 176 282 477 
75 177 283 478 
76 178 284 479 
77 179 285 480 
78 180 286 481 
79 181 287 482 
80 182 288 483 
81 183 289 484 
82 184 290 485 
83 185 291 486 
84 186 292 487 
85 187 293 488 
86 188 294 489 
87 189 295 490 
88 190 296 491 
89 191 297 492 
90 192 298 493 
91 193 299 494 
92 194 300 495 
93 195 301 496 
94 196 302 497 
95 197 303 498 
96 198 304 499 
97 199 305 500 
98 200 306 501 
99 201 307 502 
100 202 308 503 
101 203 309 504 
102 204 310 505 
103 205 311 506 
104 206 312 507 
105 207 313 508 
106 208 314 509 
107 209 315 510 
108 210 316 511 
109 211 317 512 
110 212 318 385 
111 213 319 386 
112 214 320 387 
113 215 321 388 
114 216 322 389 
115 217 323 390 
116 218 324 391 
117 219 325 392 
118 220 326 393 
119 221 327 394 
120 222 328 395 
121 223 329 396 
122 224 330 397 
123 225 331 398 
124 226 332 399 
125 227 333 400 
126 228 334 401 
127 229 335 402 
128 230 336 403 
1 231 337 404 
2 232 338 405 
3 233 339 406 
4 234 340 407 
5 235 341 408 
6 236 342 409 
7 237 343 410 
8 238 344 411 
9 239 345 412 
10 240 346 413 
11 241 347 414 
12 242 348 415 
13 243 349 416 
14 244 350 417 
15 245 351 418 
16 246 352 419 
17 247 353 420 
18 248 354 421 
19 249 355 422 
20 250 356 423 
21 251 357 424 
22 252 358 425 
23 253 359 426 
24 254 360 427 
25 255 361 428 
26 256 362 429 
27 129 363 430 
28 130 364 431 
29 131 365 432 
30 132 366 433 
31 133 367 434 
32 134 368 435 
33 135 369 436 
34 136 370 437 
35 137 371 438 
36 138 372 439 
37 139 373 440 
38 140 374 441 
39 141 375 442 
40 142 376 443 
41 143 377 444 
42 144 378 445 
43 145 379 446 
44 146 380 447 
45 147 381 448 
46 148 382 449 
47 149 383 450 
48 150 384 451 
49 151 257 452 
50 152 258 453 
51 153 259 454 
52 154 260 455 
53 155 261 456 
54 156 262 457 
55 157 263 458 
56 158 264 459 
57 159 265 460 
58 160 266 461 
59 161 267 462 
60 162 268 463 
61 163 269 464 
62 164 270 465 
63 165 271 466 
64 166 272 467 
65 167 273 468 
66 168 274 469 
67 169 275 470 
68 170 276 471 
69 171 277 472 
70 172 278 473 
71 173 279 474 
72 174 280 475 
40 134 287 502 
41 135 288 503 
42 136 289 504 
43 137 290 505 
44 138 291 506 
45 139 292 507 
46 140 293 508 
47 141 294 509 
48 142 295 510 
49 143 296 511 
50 144 297 512 
51 145 298 385 
52 146 299 386 
53 147 300 387 
54 148 301 388 
55 149 302 389 
56 150 303 390 
57 151 304 391 
58 152 305 392 
59 153 306 393 
60 154 307 394 
61 155 308 395 
62 156 309 396 
63 157 310 397 
64 158 311 398 
65 159 312 399 
66 160 313 400 
67 161 314 401 
68 162 315 402 
69 163 316 403 
70 164 317 404 
71 165 318 405 
72 166 319 406 
73 167 320 407 
74 168 321 408 
75 169 322 409 
76 170 323 410 
77 171 324 411 
78 172 325 412 
79 173 326 413 
80 174 327 414 
81 175 328 415 
82 176 329 416 
83 177 330 417 
84 178 331 418 
85 179 332 419 
86 180 333 420 
87 181 334 421 
88 182 335 422 
89 183 336 423 
90 184 337 424 
91 185 338 425 
92 186 339 426 
93 187 340 427 
94 188 341 428 
95 189 342 429 
96 190 343 430 
97 191 344 431 
98 192 345 432 
99 193 346 433 
100 194 347 434 
101 195 348 435 
102 196 349 436 
103 197 350 437 
104 198 351 438 
105 199 352 439 
106 200 353 440 
107 201 354 441 
108 202 355 442 
109 203 356 443 
110 204 357 444 
111 205 358 445 
112 206 359 446 
113 207 360 447 
114 208 361 448 
115 209 362 449 
116 210 363 450 
117 211 364 451 
118 212 365 452 
119 213 366 453 
120 214 367 454 
121 215 368 455 
122 216 369 456 
123 217 370 457 
124 218 371 458 
125 219 372 459 
126 220 373 460 
127 221 374 461 
128 222 375 462 
1 223 376 463 
2 224 377 464 
3 225 378 465 
4 226 379 466 
5 227 380 467 
6 228 381 468 
7 229 382 469 
8 230 383 470 
9 231 384 471 
10 232 257 472 
11 233 258 473 
12 234 259 474 
13 235 260 475 
14 236 261 476 
15 237 262 477 
16 238 263 478 
17 239 264 479 
18 240 265 480 
19 241 266 481 
20 242 267 482 
21 243 268 483 
22 244 269 484 
23 245 270 485 
24 246 271 486 
25 247 272 487 
26 248 273 488 
27 249 274 489 
28 250 275 490 
29 251 276 491 
30 252 277 492 
31 253 278 493 
32 254 279 494 
33 255 280 495 
34 256 281 496 
35 129 282 497 
36 130 283 498 
37 131 284 499 
38 132 285 500 
39 133 286 501 
23 239 271 394 
24 240 272 395 
25 241 273 396 
26 242 274 397 
27 243 275 398 
28 244 276 399 
29 245 277 400 
30 246 278 401 
31 247 279 402 
32 248 280 403 
33 249 281 404 
34 250 282 405 
35 251 283 406 
36 252 284 407 
37 253 285 408 
38 254 286 409 
39 255 287 410 
40 256 288 411 
41 129 289 412 
42 130 290 413 
43 131 291 414 
44 132 292 415 
45 133 293 416 
46 134 294 417 
47 135 295 418 
48 136 296 419 
49 137 297 420 
50 138 298 421 
51 139 299 422 
52 140 300 423 
53 141 301 424 
54 142 302 425 
55 143 303 426 
56 144 304 427 
57 145 305 428 
58 146 306 429 
59 147 307 430 
60 148 308 431 
61 149 309 432 
62 150 310 433 
63 151 311 434 
64 152 312 435 
65 153 313 436 
66 154 314 437 
67 155 315 438 
68 156 316 439 
69 157 317 440 
70 158 318 441 
71 159 319 442 
72 160 320 443 
73 161 321 444 
74 162 322 445 
75 163 323 446 
76 164 324 447 
77 165 325 448 
78 166 326 449 
79 167 327 450 
80 168 328 451 
81 169 329 452 
82 170 330 453 
83 171 331 454 
84 172 332 455 
85 173 333 456 
86 174 334 457 
87 175 335 458 
88 176 336 459 
89 177 337 460 
90 178 338 461 
91 179 339 462 
92 180 340 463 
93 181 341 464 
94 182 342 465 
95 183 343 466 
96 184 344 467 
97 185 345 468 
98 186 346 469 
99 187 347 470 
100 188 348 471 
101 189 349 472 
102 190 350 473 
103 191 351 474 
104 192 352 475 
105 193 353 476 
106 194 354 477 
107 195 355 478 
108 196 356 479 
109 197 357 480 
110 198 358 481 
111 199 359 482 
112 200 360 483 
113 201 361 484 
114 202 362 485 
115 203 363 486 
116 204 364 487 
117 205 365 488 
118 206 366 489 
119 207 367 490 
120 208 368 491 
121 209 369 492 
122 210 370 493 
123 211 371 494 
124 212 372 495 
125 213 373 496 
126 214 374 497 
127 215 375 498 
128 216 376 499 
1 217 377 500 
2 218 378 501 
3 219 379 502 
4 220 380 503 
5 221 381 504 
6 222 382 505 
7 223 383 506 
8 224 384 507 
9 225 257 508 
10 226 258 509 
11 227 259 510 
12 228 260 511 
13 229 261 512 
14 230 262 385 
15 231 263 386 
16 232 264 387 
17 233 265 388 
18 234 266 389 
19 235 267 390 
20 236 268 391 
21 237 269 392 
22 238 270 393 
83 137 267 470 
84 138 268 471 
85 139 269 472 
86 140 270 473 
87 141 271 474 
88 142 272 475 
89 143 273 476 
90 144 274 477 
91 145 275 478 
92 146 276 479 
93 147 277 480 
94 148 278 481 
95 149 279 482 
96 150 280 483 
97 151 281 484 
98 152 282 485 
99 153 283 486 
100 154 284 487 
101 155 285 488 
102 156 286 489 
103 157 287 490 
104 158 288 491 
105 159 289 492 
106 160 290 493 
107 161 291 494 
108 162 292 495 
109 163 293 496 
110 164 294 497 
111 165 295 498 
112 166 296 499 
113 167 297 500 
114 168 298 501 
115 169 299 502 
116 170 300 503 
117 171 301 504 
118 172 302 505 
119 173 303 506 
120 174 304 507 
121 175 305 508 
122 176 306 509 
123 177 307 510 
124 178 308 511 
125 179 309 512 
126 180 310 385 
127 181 311 386 
128 182 312 387 
1 183 313 388 
2 184 314 389 
3 185 315 390 
4 186 316 391 
5 187 317 392 
6 188 318 393 
7 189 319 394 
8 190 320 395 
9 191 321 396 
10 192 322 397 
11 193 323 398 
12 194 324 399 
13 195 325 400 
14 196 326 401 
15 197 327 402 
16 198 328 403 
17 199 329 404 
18 200 330 405 
19 201 331 406 
20 202 332 407 
21 203 333 408 
22 204 334 409 
23 205 335 410 
24 206 336 411 
25 207 337 412 
26 208 338 413 
27 209 339 414 
28 210 340 415 
29 211 341 416 
30 212 342 417 
31 213 343 418 
32 214 344 419 
33 215 345 420 
34 216 346 421 
35 217 347 422 
36 218 348 423 
37 219 349 424 
38 220 350 425 
39 221 351 426 
40 222 352 427 
41 223 353 428 
42 224 354 429 
43 225 355 430 
44 226 356 431 
45 227 357 432 
46 228 358 433 
47 229 359 434 
48 230 360 435 
49 231 361 436 
50 232 362 437 
51 233 363 438 
52 234 364 439 
53 235 365 440 
54 236 366 441 
55 237 367 442 
56 238 368 443 
57 239 369 444 
58 240 370 445 
59 241 371 446 
60 242 372 447 
61 243 373 448 
62 244 374 449 
63 245 375 450 
64 246 376 451 
65 247 377 452 
66 248 378 453 
67 249 379 454 
68 250 380 455 
69 251 381 456 
70 252 382 457 
71 253 383 458 
72 254 384 459 
73 255 257 460 
74 256 258 461 
75 129 259 462 
76 130 260 463 
77 131 261 464 
78 132 262 465 
79 133 263 466 
80 134 264 467 
81 135 265 468 
82 136 266 469 
21 188 308 474 569 730 875 943 
22 189 309 475 570 731 876 944 
23 190 310 476 571 732 877 945 
24 191 311 477 572 733 878 946 
25 192 312 478 573 734 879 947 
26 193 313 479 574 735 880 948 
27 194 314 480 575 736 881 949 
28 195 315 481 576 737 882 950 
29 196 316 482 577 738 883 951 
30 197 317 483 578 739 884 952 
31 198 318 484 579 740 885 953 
32 199 319 485 580 741 886 954 
33 200 320 486 581 742 887 955 
34 201 321 487 582 743 888 956 
35 202 322 488 583 744 889 957 
36 203 323 489 584 745 890 958 
37 204 324 490 585 746 891 959 
38 205 325 491 586 747 892 960 
39 206 326 492 587 748 893 961 
40 207 327 493 588 749 894 962 
41 208 328 494 589 750 895 963 
42 209 329 495 590 751 896 964 
43 210 330 496 591 752 769 965 
44 211 331 497 592 753 770 966 
45 212 332 498 593 754 771 967 
46 213 333 499 594 755 772 968 
47 214 334 500 595 756 773 969 
48 215 335 501 596 757 774 970 
49 216 336 502 597 758 775 971 
50 217 337 503 598 759 776 972 
51 218 338 504 599 760 777 973 
52 219 339 505 600 761 778 974 
53 220 340 506 601 762 779 975 
54 221 341 507 602 763 780 976 
55 222 342 508 603 764 781 977 
56 223 343 509 604 765 782 978 
57 224 344 510 605 766 783 979 
58 225 345 511 606 767 784 980 
59 226 346 512 607 768 785 981 
60 227 347 385 608 641 786 982 
61 228 348 386 609 642 787 983 
62 229 349 387 610 643 788 984 
63 230 350 388 611 644 789 985 
64 231 351 389 612 645 790 986 
65 232 352 390 613 646 791 987 
66 233 353 391 614 647 792 988 
67 234 354 392 615 648 793 989 
68 235 355 393 616 649 794 990 
69 236 356 394 617 650 795 991 
70 237 357 395 618 651 796 992 
71 238 358 396 619 652 797 993 
72 239 359 397 620 653 798 994 
73 240 360 398 621 654 799 995 
74 241 361 399 622 655 800 996 
75 242 362 400 623 656 801 997 
76 243 363 401 624 657 802 998 
77 244 364 402 625 658 803 999 
78 245 365 403 626 659 804 1000 
79 246 366 404 627 660 805 1001 
80 247 367 405 628 661 806 1002 
81 248 368 406 629 662 807 1003 
82 249 369 407 630 663 808 1004 
83 250 370 408 631 664 809 1005 
84 251 371 409 632 665 810 1006 
85 252 372 410 633 666 811 1007 
86 253 373 411 634 667 812 1008 
87 254 374 412 635 668 813 1009 
88 255 375 413 636 669 814 1010 
89 256 376 414 637 670 815 1011 
90 129 377 415 638 671 816 1012 
91 130 378 416 639 672 817 1013 
92 131 379 417 640 673 818 1014 
93 132 380 418 513 674 819 1015 
94 133 381 419 514 675 820 1016 
95 134 382 420 515 676 821 1017 
96 135 383 421 516 677 822 1018 
97 136 384 422 517 678 823 1019 
98 137 257 423 518 679 824 1020 
99 138 258 424 519 680 825 1021 
100 139 259 425 520 681 826 1022 
101 140 260 426 521 682 827 1023 
102 141 261 427 522 683 828 1024 
103 142 262 428 523 684 829 897 
104 143 263 429 524 685 830 898 
105 144 264 430 525 686 831 899 
106 145 265 431 526 687 832 900 
107 146 266 432 527 688 833 901 
108 147 267 433 528 689 834 902 
109 148 268 434 529 690 835 903 
110 149 269 435 530 691 836 904 
111 150 270 436 531 692 837 905 
112 151 271 437 532 693 838 906 
113 152 272 438 533 694 839 907 
114 153 273 439 534 695 840 908 
115 154 274 440 535 696 841 909 
116 155 275 441 536 697 842 910 
117 156 276 442 537 698 843 911 
118 157 277 443 538 699 844 912 
119 158 278 444 539 700 845 913 
120 159 279 445 540 701 846 914 
121 160 280 446 541 702 847 915 
122 161 281 447 542 703 848 916 
123 162 282 448 543 704 849 917 
124 163 283 449 544 705 850 918 
125 164 284 450 545 706 851 919 
126 165 285 451 546 707 852 920 
127 166 286 452 547 708 853 921 
128 167 287 453 548 709 854 922 
1 168 288 454 549 710 855 923 
2 169 289 455 550 711 856 924 
3 170 290 456 551 712 857 925 
4 171 291 457 552 713 858 926 
5 172 292 458 553 714 859 927 
6 173 293 459 554 715 860 928 
7 174 294 460 555 716 861 929 
8 175 295 461 556 717 862 930 
9 176 296 462 557 718 863 931 
10 177 297 463 558 719 864 932 
11 178 298 464 559 720 865 933 
12 179 299 465 560 721 866 934 
13 180 300 466 561 722 867 935 
14 181 301 467 562 723 868 936 
15 182 302 468 563 724 869 937 
16 183 303 469 564 725 870 938 
17 184 304 470 565 726 871 939 
18 185 305 471 566 727 872 940 
19 186 306 472 567 728 873 941 
20 187 307 473 568 729 874 942 
84 256 287 459 595 764 787 1017 
85 129 288 460 596 765 788 1018 
86 130 289 461 597 766 789 1019 
87 131 290 462 598 767 790 1020 
88 132 291 463 599 768 791 1021 
89 133 292 464 600 641 792 1022 
90 134 293 465 601 642 793 1023 
91 135 294 466 602 643 794 1024 
92 136 295 467 603 644 795 897 
93 137 296 468 604 645 796 898 
94 138 297 469 605 646 797 899 
95 139 298 470 606 647 798 900 
96 140 299 471 607 648 799 901 
97 141 300 472 608 649 800 902 
98 142 301 473 609 650 801 903 
99 143 302 474 610 651 802 904 
100 144 303 475 611 652 803 905 
101 145 304 476 612 653 804 906 
102 146 305 477 613 654 805 907 
103 147 306 478 614 655 806 908 
104 148 307 479 615 656 807 909 
105 149 308 480 616 657 808 910 
106 150 309 481 617 658 809 911 
107 151 310 482 618 659 810 912 
108 152 311 483 619 660 811 913 
109 153 312 484 620 661 812 914 
110 154 313 485 621 662 813 915 
111 155 314 486 622 663 814 916 
112 156 315 487 623 664 815 917 
113 157 316 488 624 665 816 918 
114 158 317 489 625 666 817 919 
115 159 318 490 626 667 818 920 
116 160 319 491 627 668 819 921 
117 161 320 492 628 669 820 922 
118 162 321 493 629 670 821 923 
119 163 322 494 630 671 822 924 
120 164 323 495 631 672 823 925 
121 165 324 496 632 673 824 926 
122 166 325 497 633 674 825 927 
123 167 326 498 634 675 826 928 
124 168 327 499 635 676 827 929 
125 169 328 500 636 677 828 930 
126 170 329 501 637 678 829 931 
127 171 330 502 638 679 830 932 
128 172 331 503 639 680 831 933 
1 173 332 504 640 681 832 934 
2 174 333 505 513 682 833 935 
3 175 334 506 514 683 834 936 
4 176 335 507 515 684 835 937 
5 177 336 508 516 685 836 938 
6 178 337 509 517 686 837 939 
7 179 338 510 518 687 838 940 
8 180 339 511 519 688 839 941 
9 181 340 512 520 689 840 942 
10 182 341 385 521 690 841 943 
11 183 342 386 522 691 842 944 
12 184 343 387 523 692 843 945 
13 185 344 388 524 693 844 946 
14 186 345 389 525 694 845 947 
15 187 346 390 526 695 846 948 
16 188 347 391 527 696 847 949 
17 189 348 392 528 697 848 950 
18 190 349 393 529 698 849 951 
19 191 350 394 530 699 850 952 
20 192 351 395 531 700 851 953 
21 193 352 396 532 701 852 954 
22 194 353 397 533 702 853 955 
23 195 354 398 534 703 854 956 
24 196 355 399 535 704 855 957 
25 197 356 400 536 705 856 958 
26 198 357 401 537 706 857 959 
27 199 358 402 538 707 858 960 
28 200 359 403 539 708 859 961 
29 201 360 404 540 709 860 962 
30 202 361 405 541 710 861 963 
31 203 362 406 542 711 862 964 
32 204 363 407 543 712 863 965 
33 205 364 408 544 713 864 966 
34 206 365 409 545 714 865 967 
35 207 366 410 546 715 866 968 
36 208 367 411 547 716 867 969 
37 209 368 412 548 717 868 970 
38 210 369 413 549 718 869 971 
39 211 370 414 550 719 870 972 
40 212 371 415 551 720 871 973 
41 213 372 416 552 721 872 974 
42 214 373 417 553 722 873 975 
43 215 374 418 554 723 874 976 
44 216 375 419 555 724 875 977 
45 217 376 420 556 725 876 978 
46 218 377 421 557 726 877 979 
47 219 378 422 558 727 878 980 
48 220 379 423 559 728 879 981 
49 221 380 424 560 729 880 982 
50 222 381 425 561 730 881 983 
51 223 382 426 562 731 882 984 
52 224 383 427 563 732 883 985 
53 225 384 428 564 733 884 986 
54 226 257 429 565 734 885 987 
55 227 258 430 566 735 886 988 
56 228 259 431 567 736 887 989 
57 229 260 432 568 737 888 990 
58 230 261 433 569 738 889 991 
59 231 262 434 570 739 890 992 
60 232 263 435 571 740 891 993 
61 233 264 436 572 741 892 994 
62 234 265 437 573 742 893 995 
63 235 266 438 574 743 894 996 
64 236 267 439 575 744 895 997 
65 237 268 440 576 745 896 998 
66 238 269 441 577 746 769 999 
67 239 270 442 578 747 770 1000 
68 240 271 443 579 748 771 1001 
69 241 272 444 580 749 772 1002 
70 242 273 445 581 750 773 1003 
71 243 274 446 582 751 774 1004 
72 244 275 447 583 752 775 1005 
73 245 276 448 584 753 776 1006 
74 246 277 449 585 754 777 1007 
75 247 278 450 586 755 778 1008 
76 248 279 451 587 756 779 1009 
77 249 280 452 588 757 780 1010 
78 250 281 453 589 758 781 1011 
79 251 282 454 590 759 782 1012 
80 252 283 455 591 760 783 1013 
81 253 284 456 592 761 784 1014 
82 254 285 457 593 762 785 1015 
83 255 286 458 594 763 786 1016 
6 205 373 493 617 739 883 1015 
7 206 374 494 618 740 884 1016 
8 207 375 495 619 741 885 1017 
9 208 376 496 620 742 886 1018 
10 209 377 497 621 743 887 1019 
11 210 378 498 622 744 888 1020 
12 211 379 499 623 745 889 1021 
13 212 380 500 624 746 890 1022 
14 213 381 501 625 747 891 1023 
15 214 382 502 626 748 892 1024 
16 215 383 503 627 749 893 897 
17 216 384 504 628 750 894 898 
18 217 257 505 629 751 895 899 
19 218 258 506 630 752 896 900 
20 219 259 507 631 753 769 901 
21 220 260 508 632 754 770 902 
22 221 261 509 633 755 771 903 
23 222 262 510 634 756 772 904 
24 223 263 511 635 757 773 905 
25 224 264 512 636 758 774 906 
26 225 265 385 637 759 775 907 
27 226 266 386 638 760 776 908 
28 227 267 387 639 761 777 909 
29 228 268 388 640 762 778 910 
30 229 269 389 513 763 779 911 
31 230 270 390 514 764 780 912 
32 231 271 391 515 765 781 913 
33 232 272 392 516 766 782 914 
34 233 273 393 517 767 783 915 
35 234 274 394 518 768 784 916 
36 235 275 395 519 641 785 917 
37 236 276 396 520 642 786 918 
38 237 277 397 521 643 787 919 
39 238 278 398 522 644 788 920 
40 239 279 399 523 645 789 921 
41 240 280 400 524 646 790 922 
42 241 281 401 525 647 791 923 
43 242 282 402 526 648 792 924 
44 243 283 403 527 649 793 925 
45 244 284 404 528 650 794 926 
46 245 285 405 529 651 795 927 
47 246 286 406 530 652 796 928 
48 247 287 407 531 653 797 929 
49 248 288 408 532 654 798 930 
50 249 289 409 533 655 799 931 
51 250 290 410 534 656 800 932 
52 251 291 411 535 657 801 933 
53 252 292 412 536 658 802 934 
54 253 293 413 537 659 803 935 
55 254 294 414 538 660 804 936 
56 255 295 415 539 661 805 937 
57 256 296 416 540 662 806 938 
58 129 297 417 541 663 807 939 
59 130 298 418 542 664 808 940 
60 131 299 419 543 665 809 941 
61 132 300 420 544 666 810 942 
62 133 301 421 545 667 811 943 
63 134 302 422 546 668 812 944 
64 135 303 423 547 669 813 945 
65 136 304 424 548 670 814 946 
66 137 305 425 549 671 815 947 
67 138 306 426 550 672 816 948 
68 139 307 427 551 673 817 949 
69 140 308 428 552 674 818 950 
70 141 309 429 553 675 819 951 
71 142 310 430 554 676 820 952 
72 143 311 431 555 677 821 953 
73 144 312 432 556 678 822 954 
74 145 313 433 557 679 823 955 
75 146 314 434 558 680 824 956 
76 147 315 435 559 681 825 957 
77 148 316 436 560 682 826 958 
78 149 317 437 561 683 827 959 
79 150 318 438 562 684 828 960 
80 151 319 439 563 685 829 961 
81 152 320 440 564 686 830 962 
82 153 321 441 565 687 831 963 
83 154 322 442 566 688 832 964 
84 155 323 443 567 689 833 965 
85 156 324 444 568 690 834 966 
86 157 325 445 569 691 835 967 
87 158 326 446 570 692 836 968 
88 159 327 447 571 693 837 969 
89 160 328 448 572 694 838 970 
90 161 329 449 573 695 839 971 
91 162 330 450 574 696 840 972 
92 163 331 451 575 697 841 973 
93 164 332 452 576 698 842 974 
94 165 333 453 577 699 843 975 
95 166 334 454 578 700 844 976 
96 167 335 455 579 701 845 977 
97 168 336 456 580 702 846 978 
98 169 337 457 581 703 847 979 
99 170 338 458 582 704 848 980 
100 171 339 459 583 705 849 981 
101 172 340 460 584 706 850 982 
102 173 341 461 585 707 851 983 
103 174 342 462 586 708 852 984 
104 175 343 463 587 709 853 985 
105 176 344 464 588 710 854 986 
106 177 345 465 589 711 855 987 
107 178 346 466 590 712 856 988 
108 179 347 467 591 713 857 989 
109 180 348 468 592 714 858 990 
110 181 349 469 593 715 859 991 
111 182 350 470 594 716 860 992 
112 183 351 471 595 717 861 993 
113 184 352 472 596 718 862 994 
114 185 353 473 597 719 863 995 
115 186 354 474 598 720 864 996 
116 187 355 475 599 721 865 997 
117 188 356 476 600 722 866 998 
118 189 357 477 601 723 867 999 
119 190 358 478 602 724 868 1000 
120 191 359 479 603 725 869 1001 
121 192 360 480 604 726 870 1002 
122 193 361 481 605 727 871 1003 
123 194 362 482 606 728 872 1004 
124 195 363 483 607 729 873 1005 
125 196 364 484 608 730 874 1006 
126 197 365 485 609 731 875 1007 
127 198 366 486 610 732 876 1008 
128 199 367 487 611 733 877 1009 
1 200 368 488 612 734 878 1010 
2 201 369 489 613 735 879 1011 
3 202 370 490 614 736 880 1012 
4 203 371 491 615 737 881 1013 
5 204 372 492 616 738 882 1014 
9 240 336 401 550 652 888 940 
10 241 337 402 551 653 889 941 
11 242 338 403 552 654 890 942 
12 243 339 404 553 655 891 943 
13 244 340 405 554 656 892 944 
14 245 341 406 555 657 893 945 
15 246 342 407 556 658 894 946 
16 247 343 408 557 659 895 947 
17 248 344 409 558 660 896 948 
18 249 345 410 559 661 769 949 
19 250 346 411 560 662 770 950 
20 251 347 412 561 663 771 951 
21 252 348 413 562 664 772 952 
22 253 349 414 563 665 773 953 
23 254 350 415 564 666 774 954 
24 255 351 416 565 667 775 955 
25 256 352 417 566 668 776 956 
26 129 353 418 567 669 777 957 
27 130 354 419 568 670 778 958 
28 131 355 420 569 671 779 959 
29 132 356 421 570 672 780 960 
30 133 357 422 571 673 781 961 
31 134 358 423 572 674 782 962 
32 135 359 424 573 675 783 963 
33 136 360 425 574 676 784 964 
34 137 361 426 575 677 785 965 
35 138 362 427 576 678 786 966 
36 139 363 428 577 679 787 967 
37 140 364 429 578 680 788 968 
38 141 365 430 579 681 789 969 
39 142 366 431 580 682 790 970 
40 143 367 432 581 683 791 971 
41 144 368 433 582 684 792 972 
42 145 369 434 583 685 793 973 
43 146 370 435 584 686 794 974 
44 147 371 436 585 687 795 975 
45 148 372 437 586 688 796 976 
46 149 373 438 587 689 797 977 
47 150 374 439 588 690 798 978 
48 151 375 440 589 691 799 979 
49 152 376 441 590 692 800 980 
50 153 377 442 591 693 801 981 
51 154 378 443 592 694 802 982 
52 155 379 444 593 695 803 983 
53 156 380 445 594 696 804 984 
54 157 381 446 595 697 805 985 
55 158 382 447 596 698 806 986 
56 159 383 448 597 699 807 987 
57 160 384 449 598 700 808 988 
58 161 257 450 599 701 809 989 
59 162 258 451 600 702 810 990 
60 163 259 452 601 703 811 991 
61 164 260 453 602 704 812 992 
62 165 261 454 603 705 813 993 
63 166 262 455 604 706 814 994 
64 167 263 456 605 707 815 995 
65 168 264 457 606 708 816 996 
66 169 265 458 607 709 817 997 
67 170 266 459 608 710 818 998 
68 171 267 460 609 711 819 999 
69 172 268 461 610 712 820 1000 
70 173 269 462 611 713 821 1001 
71 174 270 463 612 714 822 1002 
72 175 271 464 613 715 823 1003 
73 176 272 465 614 716 824 1004 
74 177 273 466 615 717 825 1005 
75 178 274 467 616 718 826 1006 
76 179 275 468 617 719 827 1007 
77 180 276 469 618 720 828 1008 
78 181 277 470 619 721 829 1009 
79 182 278 471 620 722 830 1010 
80 183 279 472 621 723 831 1011 
81 184 280 473 622 724 832 1012 
82 185 281 474 623 725 833 1013 
83 186 282 475 624 726 834 1014 
84 187 283 476 625 727 835 1015 
85 188 284 477 626 728 836 1016 
86 189 285 478 627 729 837 1017 
87 190 286 479 628 730 838 1018 
88 191 287 480 629 731 839 1019 
89 192 288 481 630 732 840 1020 
90 193 289 482 631 733 841 1021 
91 194 290 483 632 734 842 1022 
92 195 291 484 633 735 843 1023 
93 196 292 485 634 736 844 1024 
94 197 293 486 635 737 845 897 
95 198 294 487 636 738 846 898 
96 199 295 488 637 739 847 899 
97 200 296 489 638 740 848 900 
98 201 297 490 639 741 849 901 
99 202 298 491 640 742 850 902 
100 203 299 492 513 743 851 903 
101 204 300 493 514 744 852 904 
102 205 301 494 515 745 853 905 
103 206 302 495 516 746 854 906 
104 207 303 496 517 747 855 907 
105 208 304 497 518 748 856 908 
106 209 305 498 519 749 857 909 
107 210 306 499 520 750 858 910 
108 211 307 500 521 751 859 911 
109 212 308 501 522 752 860 912 
110 213 309 502 523 753 861 913 
111 214 310 503 524 754 862 914 
112 215 311 504 525 755 863 915 
113 216 312 505 526 756 864 916 
114 217 313 506 527 757 865 917 
115 218 314 507 528 758 866 918 
116 219 315 508 529 759 867 919 
117 220 316 509 530 760 868 920 
118 221 317 510 531 761 869 921 
119 222 318 511 532 762 870 922 
120 223 319 512 533 763 871 923 
121 224 320 385 534 764 872 924 
122 225 321 386 535 765 873 925 
123 226 322 387 536 766 874 926 
124 227 323 388 537 767 875 927 
125 228 324 389 538 768 876 928 
126 229 325 390 539 641 877 929 
127 230 326 391 540 642 878 930 
128 231 327 392 541 643 879 931 
1 232 328 393 542 644 880 932 
2 233 329 394 543 645 881 933 
3 234 330 395 544 646 882 934 
4 235 331 396 545 647 883 935 
5 236 332 397 546 648 884 936 
6 237 333 398 547 649 885 937 
7 238 334 399 548 650 886 938 
8 239 335 400 549 651 887 939 
