1000 400
4 11
4 4 4 4 4 4 4 4 4 4 4 4 4 4 4 4 4 4 4 4 4 4 4 4 4 4 4 4 4 4 4 4 4 4 4 4 4 4 4 4 4 4 4 4 4 4 4 4 4 4 4 4 4 4 4 4 4 4 4 4 4 4 4 4 4 4 4 4 4 4 4 4 4 4 4 4 4 4 4 4 4 4 4 4 4 4 4 4 4 4 4 4 4 4 4 4 4 4 4 4 4 4 4 4 4 4 4 4 4 4 4 4 4 4 4 4 4 4 4 4 4 4 4 4 4 4 4 4 4 4 4 4 4 4 4 4 4 4 4 4 4 4 4 4 4 4 4 4 4 4 4 4 4 4 4 4 4 4 4 4 4 4 4 4 4 4 4 4 4 4 4 4 4 4 4 4 4 4 4 4 4 4 4 4 4 4 4 4 4 4 4 4 4 4 4 4 4 4 4 4 4 4 4 4 4 4 4 4 4 4 4 4 4 4 4 4 4 4 4 4 4 4 4 4 4 4 4 4 4 4 4 4 4 4 4 4 4 4 4 4 4 4 4 4 4 4 4 4 4 4 4 4 4 4 4 4 4 4 4 4 4 4 4 4 4 4 4 4 4 4 4 4 4 4 4 4 4 4 4 4 4 4 4 4 4 4 4 4 4 4 4 4 4 4 4 4 4 4 4 4 4 4 4 4 4 4 4 4 4 4 4 4 4 4 4 4 4 4 4 4 4 4 4 4 4 4 4 4 4 4 4 4 4 4 4 4 4 4 4 4 4 4 4 4 4 4 4 4 4 4 4 4 4 4 4 4 4 4 4 4 4 4 4 4 4 4 4 4 4 4 4 4 4 4 4 4 4 4 4 4 4 4 4 4 4 4 4 4 4 4 4 4 4 4 4 4 4 4 4 4 4 4 4 4 4 4 4 4 4 4 4 4 4 4 4 4 4 4 4 4 4 4 4 4 4 4 4 4 4 4 4 4 4 4 4 4 4 4 4 4 4 4 4 4 4 4 4 4 4 4 4 4 4 4 4 4 4 4 4 4 4 4 4 4 4 4 4 4 4 4 4 4 4 4 4 4 4 4 4 4 4 4 4 4 4 4 4 4 4 4 4 4 4 4 4 4 4 4 4 4 4 4 4 4 4 4 4 4 4 4 4 4 4 4 4 4 4 4 4 4 4 4 4 4 4 4 4 4 4 4 4 4 4 4 4 4 4 4 4 4 4 4 4 4 4 4 4 4 4 4 4 4 4 4 4 4 4 4 4 4 4 4 4 4 4 4 4 4 4 4 4 4 4 4 4 4 4 4 4 4 4 4 4 4 4 4 4 4 4 4 4 4 4 4 4 4 4 4 4 4 4 4 4 4 4 4 4 4 4 4 4 4 4 4 4 4 4 4 4 4 4 4 4 4 4 4 4 4 4 4 4 4 4 4 4 4 4 4 4 4 4 4 4 4 4 4 4 4 4 4 4 4 4 4 4 4 4 4 4 4 4 4 4 4 4 4 4 4 4 4 4 4 4 4 4 4 4 4 4 4 4 4 4 4 4 4 4 4 4 4 4 4 4 4 4 4 4 4 4 4 4 4 4 4 4 4 4 4 4 4 4 4 4 4 4 4 4 4 4 4 4 4 4 4 4 4 4 4 4 4 4 4 4 4 4 4 4 4 4 4 4 4 4 4 4 4 4 4 4 4 4 4 4 4 4 4 4 4 4 4 4 4 4 4 4 4 4 4 4 4 4 4 4 4 4 4 4 4 4 4 4 4 4 4 4 4 4 4 4 4 4 4 4 4 4 4 4 4 4 4 4 4 4 4 4 4 4 4 4 4 4 4 4 4 4 4 4 4 4 4 4 4 4 4 4 4 4 4 4 4 4 4 4 4 4 4 4 4 4 4 4 4 4 4 4 4 4 4 4 4 4 4 4 4 4 4 4 4 4 4 4 4 4 4 4 4 4 4 4 4 4 4 4 4 4 4 4 4 4 4 4 4 4 4 4 4 4 4 4 4 4 4 4 4 4 4 4 4 4 4 4 4 4 4 4 4 4 4 4 4 4 4 4 4 4 4 4 4 4 4 4 4 4 4 4 4 4 4 4 4 4 4 4 4 4 4 4 4 4 4 4 4 4 4 4 4 4 4 4 4 4 4 4 4 4 4 4 4 4 4 4 4 4 4 4 4 4 4 4 4 4 4 4 4 4 4 4 4 4 4 4 4 4 4 4 4 4 4 4 4 4 4 4 4 4 4 4 4 4 4 
10 11 10 10 10 10 10 10 10 10 10 10 10 10 10 10 10 10 10 10 10 11 9 10 9 10 10 10 9 10 10 10 11 10 10 10 10 10 10 10 11 10 10 10 10 10 10 11 10 10 10 10 10 10 10 10 10 10 10 10 9 10 10 10 10 10 10 10 10 10 10 10 10 10 10 9 10 10 10 10 10 10 10 11 10 10 10 10 10 10 10 10 9 10 10 10 10 10 10 10 10 10 10 10 10 10 10 10 10 10 10 10 10 10 10 10 10 10 10 11 10 10 10 10 10 10 10 11 10 10 10 10 10 10 10 10 10 10 10 9 10 10 10 10 10 10 10 10 10 9 10 10 10 10 10 10 10 10 9 10 10 10 10 10 9 10 10 10 11 10 10 10 10 10 10 10 10 10 10 10 10 10 10 10 10 10 10 11 10 11 10 10 10 10 10 10 10 10 10 10 10 10 10 10 10 10 10 10 10 10 10 10 10 10 10 10 9 10 9 9 10 10 9 10 10 10 10 10 10 10 10 10 10 9 10 10 10 10 10 10 11 10 11 10 10 10 10 10 10 10 10 10 10 10 10 10 10 10 10 10 10 10 10 10 10 10 9 10 10 10 10 10 10 10 10 10 10 10 10 10 10 10 10 10 10 10 10 9 10 10 10 10 10 10 9 10 10 10 10 10 10 10 10 10 10 10 10 10 11 11 10 10 10 10 10 10 10 10 10 10 10 10 11 10 10 10 10 10 9 10 10 10 10 10 10 11 10 10 10 10 10 10 10 10 10 10 10 10 10 10 10 10 10 10 10 10 10 10 10 10 11 10 10 10 10 10 10 10 10 10 10 10 10 10 10 10 10 10 10 10 10 10 10 10 10 10 11 10 10 10 10 10 10 10 10 10 10 10 10 10 
3 271 281 386 
87 271 272 317 
53 272 319 382 
136 176 372 382 
11 176 190 311 
1 3 215 236 
86 114 119 386 
66 208 311 346 
60 119 167 303 
142 216 317 330 
87 196 267 374 
218 292 338 346 
60 70 93 310 
29 208 219 341 
114 169 269 379 
25 126 169 339 
279 285 338 371 
131 167 375 383 
27 72 266 383 
11 31 123 132 
125 131 137 205 
121 238 250 339 
289 330 331 373 
53 188 309 326 
115 158 190 264 
64 74 274 341 
67 132 200 391 
85 121 242 393 
104 129 236 316 
138 209 291 292 
10 117 187 285 
5 18 136 253 
61 260 274 280 
109 159 234 253 
110 148 159 277 
153 216 332 353 
59 96 322 353 
82 177 200 308 
67 130 181 198 
195 288 291 356 
166 183 288 392 
64 77 220 221 
156 187 294 337 
1 63 246 329 
22 130 360 397 
118 193 250 301 
152 262 345 391 
140 209 335 357 
56 74 172 334 
111 116 183 204 
105 246 358 389 
34 108 115 263 
134 151 205 323 
81 106 304 310 
14 63 103 244 
48 126 268 377 
57 62 100 158 
101 243 247 377 
58 113 258 263 
111 150 186 276 
56 84 259 395 
16 203 273 371 
21 148 283 355 
81 122 189 364 
41 305 335 343 
51 213 214 219 
54 127 128 277 
109 201 320 347 
13 315 374 388 
18 75 90 97 
28 92 160 355 
24 163 256 259 
147 226 240 301 
73 170 294 350 
7 143 149 373 
32 170 318 370 
49 241 268 312 
29 212 321 381 
128 202 245 378 
33 42 193 278 
100 251 255 313 
45 68 370 387 
26 38 221 336 
172 211 227 396 
52 149 233 399 
4 19 151 173 
19 165 182 359 
104 171 252 295 
88 162 300 323 
2 12 231 244 
106 217 237 265 
239 282 331 376 
9 68 296 327 
168 223 392 398 
36 96 286 344 
98 214 228 314 
6 142 290 369 
17 44 284 296 
76 120 203 232 
15 179 280 328 
129 302 352 361 
79 194 222 300 
135 229 275 395 
133 197 248 344 
46 99 358 400 
61 91 155 254 
174 178 180 256 
47 97 154 307 
261 293 385 387 
20 138 342 384 
37 40 206 252 
15 43 139 362 
48 71 95 306 
270 293 354 363 
141 235 305 325 
8 55 125 349 
324 365 380 388 
80 83 284 287 
23 59 225 333 
207 249 343 348 
50 147 191 210 
89 145 157 314 
112 144 207 340 
65 199 237 298 
35 281 299 367 
17 107 161 394 
185 225 230 297 
39 146 175 389 
124 192 197 351 
2 78 102 184 
215 224 366 390 
30 257 334 368 
69 94 164 372 
28 78 180 287 
50 58 194 270 
112 139 202 238 
120 174 278 351 
107 195 199 297 
71 123 182 400 
73 233 245 397 
40 47 217 229 
186 299 354 396 
27 32 36 157 
8 90 141 231 
160 223 324 359 
21 98 191 302 
42 239 313 364 
39 145 204 251 
26 76 162 366 
41 124 267 345 
46 91 143 394 
113 303 328 398 
171 312 360 384 
192 254 295 347 
135 156 240 315 
80 108 153 206 
235 247 363 376 
35 54 57 185 
30 177 273 290 
88 94 144 161 
14 45 304 308 
24 31 85 266 
201 213 298 393 
102 276 320 337 
146 321 325 333 
23 117 173 352 
92 122 211 348 
75 232 380 399 
9 220 234 379 
20 70 175 326 
69 168 316 368 
6 105 110 137 
51 165 309 385 
79 184 198 286 
25 116 134 152 
43 327 342 365 
34 140 224 318 
12 218 269 289 
127 133 243 275 
99 226 322 336 
22 77 255 349 
13 49 89 227 
16 65 95 179 
118 181 356 381 
10 154 261 340 
249 260 361 369 
4 33 86 257 
83 101 319 350 
52 163 210 357 
66 248 329 362 
155 166 332 378 
212 241 265 390 
37 196 222 242 
55 82 188 258 
5 230 282 375 
44 62 93 262 
38 283 307 391 
72 164 189 279 
84 103 228 306 
7 129 150 264 
178 205 346 367 
29 168 307 350 
79 219 282 327 
127 162 384 398 
46 122 169 318 
40 145 218 280 
36 75 250 281 
1 65 188 239 
161 256 304 352 
7 167 298 315 
63 72 166 220 
20 186 196 306 
34 130 367 368 
158 234 312 340 
6 124 170 195 
23 77 87 92 
241 279 309 345 
49 52 80 329 
22 84 119 176 
154 184 361 377 
251 270 294 353 
27 30 44 320 
118 131 254 261 
31 98 224 330 
61 93 141 366 
64 149 231 293 
53 226 277 334 
21 86 112 291 
11 42 128 388 
191 344 349 371 
5 206 308 359 
28 57 113 217 
25 258 259 321 
13 51 181 235 
94 111 230 357 
71 296 333 351 
35 201 249 389 
54 121 187 228 
4 110 286 390 
17 135 245 299 
47 151 266 342 
59 101 215 365 
156 172 200 379 
39 108 148 285 
43 125 227 392 
199 278 314 319 
38 257 305 375 
263 347 372 380 
10 177 341 386 
66 225 229 385 
15 81 147 242 
85 102 223 363 
12 91 255 300 
56 117 232 376 
207 265 273 374 
2 144 175 193 
198 252 310 317 
8 37 107 208 
203 252 335 358 
32 152 210 311 
174 332 362 381 
14 116 142 243 
19 237 247 397 
48 287 356 373 
171 179 355 383 
41 83 173 328 
115 248 272 337 
24 68 69 369 
114 182 260 267 
90 194 290 364 
105 132 155 395 
222 233 283 303 
82 268 276 378 
70 183 213 399 
95 189 253 323 
26 165 264 288 
136 146 150 178 
106 143 197 396 
96 109 120 292 
180 209 274 339 
9 153 302 326 
76 126 137 244 
62 73 133 301 
60 89 164 275 
74 88 216 338 
190 211 289 387 
104 238 262 322 
50 159 324 394 
78 212 313 370 
99 134 160 192 
18 33 163 354 
16 45 214 336 
103 295 297 348 
138 221 331 382 
100 236 325 338 
123 139 185 360 
55 269 284 393 
3 204 240 343 
68 97 202 246 
282 316 337 400 
11 58 195 271 
134 140 220 298 
67 157 160 366 
156 278 361 398 
45 114 248 325 
48 60 96 163 
2 51 127 210 
158 198 266 274 
8 24 99 241 
95 105 115 250 
102 164 226 291 
49 129 318 341 
132 328 340 349 
72 83 238 396 
38 188 295 299 
111 254 319 371 
97 162 180 204 
269 286 343 372 
50 56 93 205 
13 113 346 400 
55 216 306 370 
126 219 240 355 
9 73 178 348 
147 206 212 264 
20 137 235 322 
224 270 284 375 
12 71 177 363 
62 120 186 359 
29 112 192 289 
17 67 170 382 
19 32 234 373 
110 255 256 315 
53 166 208 249 
179 276 385 394 
155 187 237 296 
25 30 37 331 
145 184 185 273 
78 197 253 368 
4 58 121 329 
74 92 136 139 
140 146 222 261 
33 104 271 300 
70 211 236 378 
39 101 257 311 
232 242 251 356 
87 168 268 389 
36 203 217 326 
27 88 159 267 
142 209 309 380 
59 130 279 393 
227 260 285 301 
167 202 272 357 
69 103 148 165 
3 153 189 259 
35 52 124 342 
245 280 312 321 
42 64 150 345 
26 293 344 388 
90 223 225 381 
22 61 80 144 
40 122 277 351 
28 94 125 294 
82 133 173 176 
207 258 383 386 
107 262 313 384 
131 302 313 320 
43 100 149 200 
46 193 308 399 
89 239 332 335 
41 118 247 316 
1 190 233 314 
169 213 265 353 
5 23 233 339 
97 182 275 334 
31 108 183 197 
214 340 364 367 
106 218 283 365 
15 307 354 358 
75 161 317 379 
6 84 154 292 
63 305 324 360 
77 244 263 290 
91 174 221 243 
116 119 171 327 
109 297 304 392 
34 109 135 141 
76 143 175 230 
44 172 303 377 
18 57 336 347 
7 194 281 350 
66 117 201 310 
151 236 374 391 
47 65 181 369 
41 229 323 330 
14 54 288 362 
10 21 196 243 
16 128 157 352 
123 178 199 215 
85 110 287 387 
138 191 333 390 
152 228 231 246 
79 81 86 268 
98 241 297 376 
71 164 389 397 
26 94 393 395 
27 146 219 278 
116 291 299 328 
39 55 98 256 
179 180 200 201 
122 221 284 374 
152 229 290 332 
76 266 283 381 
174 187 317 363 
67 69 329 384 
24 135 175 286 
100 102 157 263 
133 140 356 383 
112 227 259 382 
196 282 353 366 
95 208 380 391 
89 106 277 300 
202 222 285 373 
68 215 310 349 
82 246 322 388 
40 377 386 392 
9 16 25 33 
147 160 199 216 
2 151 331 343 
170 172 214 280 
11 260 303 390 
4 35 91 279 
108 128 292 394 
74 183 212 234 
141 271 287 307 
29 32 58 120 
6 59 186 341 
20 34 249 350 
65 87 129 360 
49 84 339 347 
136 149 257 369 
10 50 80 99 
90 311 344 397 
60 121 132 148 
181 289 319 352 
150 159 225 358 
15 127 217 375 
63 184 301 387 
138 207 323 354 
64 195 223 326 
8 155 308 368 
73 143 145 258 
119 193 209 294 
111 242 244 245 
52 103 261 379 
189 210 224 316 
22 81 134 361 
43 105 167 351 
47 177 226 357 
17 85 191 335 
45 144 320 365 
198 237 276 348 
31 59 113 254 
251 264 296 304 
75 79 176 192 
107 130 246 355 
19 70 88 154 
13 14 83 158 
28 72 115 376 
65 93 333 396 
265 337 359 395 
66 77 193 321 
36 169 190 384 
3 42 62 330 
53 104 228 270 
188 205 211 255 
156 274 306 325 
231 267 318 371 
86 213 225 372 
30 162 238 385 
7 163 166 185 
92 195 269 367 
5 125 128 281 
117 137 182 220 
44 78 114 298 
57 191 218 247 
145 171 345 370 
54 206 235 312 
56 126 293 362 
139 173 239 379 
131 314 342 400 
46 253 272 305 
1 18 22 288 
230 260 315 364 
61 124 324 336 
232 275 295 378 
12 101 153 248 
23 194 204 309 
118 142 203 346 
96 165 240 302 
21 51 161 334 
48 262 338 399 
168 250 273 327 
37 38 123 398 
20 252 315 362 
200 266 297 324 
67 213 231 346 
40 219 257 378 
19 85 169 368 
8 11 47 117 
104 283 296 329 
140 144 282 299 
28 176 236 377 
142 159 211 321 
7 238 292 389 
76 95 100 343 
61 103 127 337 
62 105 183 302 
5 24 216 276 
130 143 206 209 
57 68 172 300 
35 150 162 301 
46 138 156 264 
27 285 316 348 
154 253 258 289 
29 52 110 383 
86 188 261 262 
160 175 374 385 
13 124 126 153 
97 166 280 363 
43 50 268 319 
82 122 354 398 
14 33 94 240 
16 41 212 244 
151 197 241 271 
9 115 192 242 
44 75 277 306 
177 189 198 294 
45 72 132 230 
70 147 279 351 
275 278 304 340 
2 158 322 390 
4 64 196 204 
73 79 152 182 
114 131 149 366 
12 87 98 328 
3 118 214 220 
119 307 344 359 
53 168 349 394 
245 323 369 400 
89 101 179 330 
17 66 326 364 
38 80 184 229 
26 106 290 339 
36 54 208 396 
63 112 317 333 
148 272 345 356 
31 81 174 273 
30 42 55 167 
218 239 254 287 
15 120 269 397 
134 194 217 387 
223 237 331 357 
1 39 78 293 
309 313 373 392 
116 155 201 375 
187 203 382 388 
10 25 139 303 
173 250 314 318 
60 161 360 381 
141 165 298 365 
108 171 186 210 
48 157 358 393 
164 190 270 355 
77 88 181 281 
102 234 249 353 
71 121 205 221 
96 222 342 386 
6 123 227 376 
113 199 202 308 
129 235 286 291 
99 255 332 350 
23 284 312 334 
58 84 178 399 
32 56 133 215 
146 207 352 370 
263 288 310 341 
259 305 320 371 
107 224 233 327 
91 163 232 267 
21 252 336 338 
37 248 347 367 
92 226 243 325 
137 265 335 361 
74 247 256 391 
83 135 136 251 
125 228 331 380 
18 69 93 219 
6 63 180 372 
185 274 311 395 
65 109 111 170 
34 51 87 295 
49 90 216 343 
269 282 290 398 
11 88 337 392 
110 305 314 396 
45 173 178 353 
120 204 228 268 
74 131 175 329 
73 78 121 304 
140 235 276 364 
250 298 332 340 
132 169 206 327 
5 47 156 313 
64 294 352 365 
198 212 233 243 
183 202 366 367 
72 86 296 318 
52 56 79 264 
57 70 260 383 
14 123 386 394 
27 80 105 245 
40 84 85 285 
94 141 188 361 
38 43 90 265 
207 210 239 336 
116 128 147 267 
8 118 171 333 
34 82 106 345 
49 96 117 273 
69 134 317 344 
83 321 342 368 
170 174 190 308 
166 240 261 397 
23 114 252 278 
12 58 312 358 
10 115 309 375 
53 139 157 193 
60 186 241 251 
93 223 286 400 
17 146 165 232 
109 194 330 391 
15 161 211 371 
1 9 138 279 
41 185 221 302 
7 126 177 284 
95 271 349 362 
224 288 382 389 
191 244 373 395 
196 266 319 399 
30 270 310 359 
44 125 203 360 
26 163 334 348 
31 104 136 167 
247 263 351 384 
113 184 209 381 
25 75 108 315 
119 135 199 300 
99 236 237 328 
122 154 324 390 
133 160 189 201 
81 172 272 292 
61 220 289 354 
35 148 215 326 
149 226 256 280 
13 91 283 306 
29 231 299 377 
24 159 238 248 
158 179 281 357 
98 143 341 379 
71 234 307 378 
77 180 257 322 
62 151 168 370 
162 316 347 355 
54 222 320 369 
46 100 112 152 
42 164 197 200 
22 101 150 374 
127 259 350 363 
39 67 129 229 
48 214 217 311 
3 205 277 385 
28 37 103 323 
21 59 253 301 
182 242 338 372 
137 145 208 303 
16 55 249 356 
4 161 376 388 
66 130 227 287 
151 258 291 293 
10 68 124 213 
92 153 230 262 
32 33 297 335 
50 102 246 339 
18 145 181 187 
2 107 142 192 
51 76 155 176 
97 255 303 393 
19 89 111 274 
20 218 225 270 
275 288 346 387 
36 71 144 319 
217 227 295 325 
195 257 301 380 
168 172 251 254 
28 81 159 399 
123 219 313 374 
74 99 128 165 
25 216 275 365 
206 249 293 333 
35 98 290 296 
13 144 180 237 
37 67 268 383 
104 111 258 376 
64 135 179 351 
83 191 282 370 
156 222 263 326 
51 149 250 310 
18 76 129 243 
194 212 232 396 
112 266 284 361 
137 308 309 348 
16 110 209 236 
56 162 325 397 
75 185 329 353 
80 107 182 253 
33 154 382 400 
132 223 292 295 
88 215 269 315 
70 200 259 358 
54 77 192 335 
29 89 114 324 
120 140 264 349 
69 109 143 390 
44 163 234 362 
47 103 174 286 
32 87 97 118 
52 278 322 394 
300 343 368 388 
3 115 152 252 
204 289 320 332 
58 126 142 352 
158 205 345 372 
7 279 317 398 
2 105 106 178 
82 131 147 271 
302 312 350 380 
49 138 256 385 
15 221 262 314 
31 141 173 384 
11 175 339 371 
45 198 242 277 
5 66 91 207 
134 177 225 305 
19 201 226 381 
44 136 246 265 
247 272 327 393 
38 164 181 202 
34 36 167 274 
43 72 330 334 
4 6 50 298 
21 65 231 378 
24 116 218 341 
26 113 189 379 
63 119 153 331 
169 186 199 280 
41 60 160 281 
130 304 323 375 
121 171 364 377 
62 85 139 267 
214 255 357 389 
6 8 9 48 
90 203 328 386 
46 94 124 146 
30 122 166 283 
150 228 338 368 
210 225 367 369 
42 59 79 211 
55 190 235 254 
133 208 296 336 
318 321 355 392 
57 155 195 238 
213 224 248 360 
20 68 92 337 
73 142 354 395 
86 95 117 127 
53 230 265 287 
125 184 196 238 
101 220 291 306 
157 197 328 387 
96 277 316 340 
102 188 311 342 
42 285 299 362 
17 61 100 273 
12 229 260 370 
35 93 176 373 
78 222 346 359 
347 356 363 394 
14 27 239 391 
77 143 240 307 
93 108 294 297 
22 43 148 170 
40 112 233 353 
45 183 187 188 
84 203 245 345 
36 201 241 261 
1 182 193 276 
23 70 123 344 
39 96 199 244 
177 228 275 366 
133 306 369 392 
64 75 235 389 
26 186 329 335 
17 97 106 148 
100 159 261 398 
99 119 185 263 
168 209 245 248 
135 137 268 283 
113 146 149 350 
31 50 66 73 
11 134 196 348 
68 108 314 381 
32 37 338 364 
24 63 311 366 
13 224 226 378 
61 241 257 292 
164 191 386 399 
165 202 344 377 
8 114 211 240 
200 221 299 356 
15 118 129 308 
303 304 372 374 
325 380 383 393 
156 192 273 293 
55 223 300 399 
53 285 286 365 
147 255 266 347 
221 260 309 327 
205 287 318 388 
72 128 254 326 
3 103 157 296 
52 101 187 355 
22 46 117 218 
176 183 229 324 
24 38 120 294 
154 155 242 384 
7 102 171 323 
2 23 170 247 
34 174 290 358 
204 252 272 297 
62 81 175 181 
48 161 282 301 
20 126 197 214 
131 194 291 395 
30 124 132 319 
4 233 295 302 
12 56 186 375 
28 135 210 317 
67 271 321 336 
5 58 166 322 
84 92 140 363 
90 127 172 373 
49 139 190 298 
18 105 179 371 
60 180 231 337 
104 130 267 332 
151 218 246 340 
83 320 341 397 
14 87 270 351 
1 162 281 284 
33 78 312 339 
163 269 313 333 
47 104 169 288 
16 40 131 376 
107 120 274 387 
193 243 253 315 
29 86 138 230 
145 227 236 334 
63 349 352 400 
250 338 354 360 
69 82 153 280 
95 173 184 367 
76 99 121 330 
85 109 118 207 
54 66 237 262 
10 71 239 310 
115 189 278 307 
198 216 258 389 
91 167 234 346 
27 98 127 353 
142 215 251 305 
148 213 289 388 
41 73 144 206 
21 157 178 357 
57 65 122 208 
12 19 125 219 
20 80 160 232 
48 116 136 385 
47 59 94 259 
111 205 257 379 
21 217 264 343 
152 195 212 256 
34 110 164 331 
39 79 141 166 
359 379 382 391 
9 88 316 396 
276 300 352 390 
46 51 89 249 
136 244 279 361 
74 189 220 222 
25 158 342 369 
96 150 181 241 
80 116 363 390 
28 167 168 182 
183 273 278 331 
45 139 229 356 
52 263 265 378 
57 144 197 232 
169 202 249 299 
174 305 355 373 
54 111 200 216 
58 145 261 339 
172 237 271 275 
103 147 215 238 
22 79 252 380 
50 256 309 368 
1 59 155 272 
115 175 236 346 
37 77 163 190 
67 188 274 301 
19 193 347 370 
87 107 121 259 
4 10 90 284 
117 206 366 387 
74 133 138 204 
84 108 239 334 
53 156 171 178 
7 11 17 89 
161 289 310 316 
13 281 304 311 
30 214 279 287 
270 332 372 396 
185 242 318 391 
243 335 342 349 
16 180 277 361 
64 169 258 323 
113 228 327 359 
42 49 60 68 
2 31 306 341 
36 132 243 324 
70 101 293 343 
9 235 330 337 
151 230 310 398 
22 44 128 333 
8 35 51 81 
71 72 195 361 
199 322 325 345 
27 82 123 292 
83 97 134 244 
55 56 248 307 
78 153 177 383 
3 196 260 384 
85 268 313 351 
109 114 326 395 
190 231 376 394 
122 158 210 285 
152 208 392 393 
160 251 298 400 
110 146 297 385 
105 141 227 269 
26 112 179 224 
39 91 250 382 
5 6 188 381 
92 106 137 319 
162 212 357 365 
102 120 254 374 
98 119 317 362 
192 302 314 336 
15 62 176 241 
86 88 253 308 
69 95 233 364 
130 225 315 386 
18 100 209 340 
247 321 328 375 
33 125 280 290 
43 266 309 397 
291 348 358 360 
94 129 303 367 
84 198 240 344 
14 124 184 191 
65 75 294 387 
2 40 201 245 
38 48 187 207 
203 226 255 282 
32 143 336 377 
173 213 276 350 
41 126 211 246 
128 286 312 354 
41 149 154 262 
170 283 323 371 
33 194 264 320 
6 44 208 371 492 563 643 806 869 926 0 
90 130 256 307 428 541 695 744 847 948 991 
1 6 298 354 473 546 681 739 840 961 0 
86 187 239 339 431 542 687 760 855 932 0 
32 195 231 373 482 518 613 752 859 972 0 
97 172 215 380 436 578 598 760 771 972 0 
75 200 210 390 480 514 645 743 846 937 0 
116 144 258 309 450 509 627 771 828 954 0 
93 169 281 323 426 535 643 771 905 951 0 
31 185 249 396 441 567 636 690 885 932 0 
5 20 229 301 430 509 604 750 820 937 0 
90 178 253 327 496 545 635 794 856 895 0 
69 182 234 320 467 528 665 711 824 939 0 
55 161 262 395 467 532 620 798 868 989 0 
100 112 251 378 446 560 642 748 830 978 0 
62 183 292 397 426 533 686 722 873 944 0 
98 126 240 330 459 551 640 793 813 937 0 
32 70 291 389 492 597 694 718 863 982 0 
86 87 263 331 466 508 698 754 895 930 0 
110 170 212 325 437 504 699 783 852 896 0 
63 146 228 396 500 590 683 761 893 900 0 
45 181 219 360 456 492 677 801 842 924 953 
119 166 216 373 497 582 634 807 847 0 0 
72 162 268 309 415 518 667 762 823 844 0 
16 175 233 336 426 567 656 708 910 0 0 
83 149 276 358 405 553 652 763 812 970 0 
19 143 222 348 406 523 621 798 889 957 0 
71 134 232 362 468 512 682 705 857 913 0 
14 78 202 329 435 525 666 731 876 0 0 
132 159 222 336 479 558 650 774 854 940 0 
20 162 224 375 462 557 653 749 819 948 0 
76 143 260 331 435 584 692 736 822 994 0 
80 187 291 342 426 532 692 726 870 984 1000 
52 177 213 386 437 601 628 758 848 902 0 
125 158 237 355 431 521 663 710 795 954 0 
95 143 207 347 472 554 701 758 805 949 0 
111 193 258 336 503 591 682 712 822 928 0 
83 197 247 315 503 552 624 757 844 992 0 
128 148 244 344 408 563 679 808 903 971 0 
111 141 206 361 425 507 622 802 873 991 0 
65 150 266 370 394 533 644 766 892 996 998 
80 147 229 357 473 558 676 777 792 947 0 
112 176 245 367 457 530 624 759 801 985 0 
98 196 222 388 484 536 651 734 755 953 0 
82 161 292 305 460 538 606 751 803 915 0 
105 151 205 368 491 522 675 773 842 907 0 
108 141 241 393 458 509 613 735 872 898 0 
56 113 264 306 501 572 680 771 851 897 992 
77 182 218 312 439 602 629 747 862 947 0 
121 135 288 319 441 530 693 760 819 925 0 
66 173 234 307 500 601 696 717 907 954 0 
85 189 218 355 454 525 618 737 841 916 0 
3 24 227 333 474 548 637 786 835 936 0 
67 158 238 395 487 554 674 730 884 920 0 
116 194 297 321 408 558 686 778 834 959 0 
49 61 254 319 488 584 618 723 856 959 0 
57 158 232 389 485 520 619 781 894 917 0 
59 135 301 339 435 583 635 741 859 921 0 
37 119 242 350 436 462 683 777 898 926 0 
9 13 284 306 443 569 638 766 864 947 0 
33 106 225 360 494 516 662 793 825 0 0 
57 196 283 328 473 517 672 769 850 978 0 
44 55 211 381 447 555 598 764 823 878 0 
26 42 226 357 449 542 614 714 811 945 0 
124 183 208 393 438 469 600 761 894 990 0 
8 190 250 391 471 551 688 752 819 884 0 
27 39 303 330 414 506 679 712 858 929 0 
82 93 268 299 423 520 690 783 821 947 0 
133 171 268 353 414 597 630 733 880 980 0 
13 170 274 343 466 539 619 729 807 950 0 
113 139 236 327 404 576 670 701 885 955 0 
19 198 211 314 468 538 617 759 839 955 0 
74 140 283 323 451 543 609 784 819 892 0 
26 49 285 340 433 594 608 707 909 934 0 
70 168 207 379 464 536 656 724 811 990 0 
99 149 282 387 412 515 696 718 882 0 0 
42 181 216 382 471 574 671 730 799 928 0 
130 134 289 338 484 563 609 796 870 960 0 
102 174 203 402 464 543 618 777 903 924 0 
118 156 218 360 441 552 621 725 896 912 0 
54 64 251 402 456 557 661 705 850 954 0 
38 194 273 363 424 531 628 745 880 957 0 
118 188 266 314 467 595 631 715 867 958 0 
61 199 219 380 439 583 622 804 860 935 988 
28 162 252 399 459 508 622 769 883 962 0 
7 187 228 402 478 526 617 785 876 979 0 
2 11 216 346 438 545 601 736 868 931 0 
89 160 285 348 466 574 604 728 905 979 0 
122 182 284 369 421 550 698 731 907 937 0 
70 144 270 359 442 602 624 772 861 932 0 
106 151 253 383 431 589 665 752 888 971 0 
71 167 216 340 481 592 691 783 860 973 0 
13 196 225 319 469 597 639 795 800 0 0 
133 160 235 362 405 532 623 773 898 987 0 
113 183 275 310 420 515 646 785 881 980 0 
37 95 279 306 499 577 629 790 808 911 0 
70 108 299 317 374 529 697 736 813 958 0 
96 146 224 403 408 545 669 710 889 976 0 
105 180 290 309 441 581 658 707 815 882 0 
57 81 295 367 416 515 675 793 814 982 0 
58 188 242 344 496 550 677 788 841 950 0 
130 164 252 311 416 575 693 791 846 975 0 
55 199 293 353 454 516 682 735 840 923 0 
29 88 287 342 474 510 653 713 865 872 0 
51 172 271 310 457 517 621 744 863 969 0 
54 91 278 377 421 553 628 744 813 973 0 
126 138 258 365 465 588 695 725 874 931 0 
52 156 244 375 432 571 656 800 821 935 0 
34 68 279 385 386 600 641 733 883 963 0 
35 172 239 332 399 525 605 722 902 968 0 
50 60 235 316 453 600 698 713 899 920 0 
123 136 228 329 418 555 675 720 802 970 0 
59 152 232 320 462 579 655 763 818 946 0 
7 15 269 305 484 544 634 731 828 963 0 
25 52 267 310 468 535 636 739 886 927 0 
50 175 262 384 407 565 626 762 897 912 0 
31 166 254 391 483 509 629 785 842 933 0 
46 184 223 370 498 546 627 736 830 883 0 
7 9 219 384 452 547 657 764 815 976 0 
99 137 279 328 435 560 607 732 844 874 975 
22 28 238 339 443 576 609 768 882 931 0 
64 167 205 361 410 531 659 774 894 965 0 
20 139 296 398 503 578 620 706 807 957 0 
129 150 215 355 494 528 690 773 854 989 0 
21 116 245 362 482 596 651 787 895 984 0 
16 56 282 322 488 528 645 741 852 996 0 
67 179 204 307 446 516 678 785 861 889 0 
67 79 229 397 432 482 626 707 839 953 997 
29 101 200 312 438 580 679 718 830 987 0 
39 45 213 350 465 519 688 767 865 981 0 
18 21 223 366 490 544 608 745 853 873 0 
20 27 271 313 443 538 612 727 854 949 0 
104 179 283 363 417 584 660 779 810 934 0 
53 175 290 302 456 561 630 753 820 958 0 
103 155 240 386 415 595 657 714 817 857 0 
4 32 277 340 440 595 653 755 897 908 0 
21 172 282 325 483 593 685 721 817 973 0 
30 110 294 400 448 522 643 747 876 934 0 
112 136 296 340 489 567 637 769 862 915 0 
48 177 302 341 417 511 610 732 860 0 0 
115 144 225 386 434 570 623 749 903 969 0 
10 97 262 349 498 513 695 741 784 890 0 
75 151 278 387 451 519 669 733 799 994 0 
123 160 256 360 460 511 701 711 892 917 0 
122 148 206 337 451 486 685 694 877 921 0 
128 165 277 341 406 585 640 773 818 968 0 
73 121 251 324 427 539 626 745 836 923 0 
35 63 244 353 443 556 663 801 813 891 0 
75 85 226 367 440 544 664 717 818 998 0 
60 200 277 357 445 521 677 775 911 0 0 
53 86 241 392 428 534 672 689 866 952 0 
47 175 260 401 411 543 675 739 901 966 0 
36 156 281 354 496 528 691 764 880 960 0 
108 185 220 380 466 524 659 726 845 998 0 
106 191 271 335 450 565 696 781 845 926 0 
43 155 243 304 476 522 613 716 833 936 0 
122 143 303 397 416 572 637 789 840 893 0 
25 57 214 308 467 541 668 742 910 965 0 
34 35 288 348 445 513 667 705 814 0 0 
71 145 290 303 427 527 660 766 896 967 0 
126 160 209 379 500 569 642 687 851 938 0 
89 149 204 317 479 521 673 723 869 974 0 
72 189 291 306 480 589 652 734 871 928 0 
133 198 284 311 404 573 676 757 826 902 0 
87 173 276 353 499 570 640 707 827 0 0 
41 191 211 333 480 529 633 774 859 903 0 
9 18 210 352 457 558 653 758 888 913 0 
94 171 202 346 502 548 672 704 816 913 0 
15 16 205 372 472 508 612 765 872 918 945 
74 76 215 330 429 600 632 801 847 999 0 
88 153 265 384 486 571 627 768 846 936 0 
49 84 243 388 429 520 661 704 861 922 0 
86 166 266 363 489 568 606 749 881 995 0 
107 137 261 383 413 557 632 735 848 919 0 
128 170 256 387 415 527 608 750 850 927 0 
4 5 219 363 464 512 696 795 843 978 0 
38 159 249 327 458 537 645 753 809 960 0 
107 201 277 323 398 583 606 744 893 936 0 
100 183 265 334 409 550 668 714 863 970 0 
107 134 280 317 409 598 671 711 864 944 0 
39 184 234 393 444 574 694 757 850 911 0 
87 139 269 374 483 543 684 725 806 913 0 
41 50 274 375 433 517 616 803 843 914 0 
130 174 220 337 447 552 655 787 881 989 0 
127 158 296 337 480 599 644 724 815 942 0 
60 142 212 328 436 571 638 765 812 856 0 
31 43 238 335 413 566 694 803 841 992 0 
24 194 208 315 475 526 623 791 803 929 972 
64 198 275 354 455 537 660 763 886 909 0 
5 25 286 371 472 573 632 778 862 928 964 
121 146 230 400 459 485 648 715 826 989 0 
129 154 290 329 464 535 695 730 833 977 0 
46 80 256 368 452 471 637 806 875 930 0 
102 135 270 390 497 561 641 719 853 1000 0 
40 138 215 301 449 481 703 781 901 955 0 
11 193 212 396 419 542 649 787 820 961 0 
104 129 278 338 375 534 676 789 852 917 0 
39 174 257 308 461 537 615 751 887 988 0 
124 138 246 398 427 579 657 765 808 956 0 
27 38 243 367 409 505 676 729 829 920 0 
68 163 237 391 409 565 660 754 805 991 0 
79 136 299 352 422 579 616 757 827 918 0 
62 99 259 347 498 566 651 772 804 993 0 
50 148 298 317 497 542 607 740 849 934 0 
21 53 201 319 475 576 681 742 838 899 0 
111 156 231 324 487 519 612 709 892 933 0 
120 123 255 364 448 585 625 752 883 992 0 
8 14 258 333 420 554 685 779 894 966 0 
30 48 280 349 452 519 655 722 816 982 0 
121 189 260 307 455 571 625 776 857 965 0 
84 167 286 343 475 513 642 777 828 996 0 
78 192 289 324 433 533 615 719 901 974 0 
66 163 274 372 478 506 690 782 891 995 0 
66 96 292 376 429 546 680 770 852 940 0 
6 131 242 398 423 584 663 728 890 923 0 
10 36 285 321 427 518 602 708 887 920 0 
91 141 232 347 446 561 680 702 900 0 0 
12 178 206 377 485 559 699 762 842 866 0 
14 66 203 322 406 507 597 706 895 0 0 
42 169 211 302 483 546 662 788 909 0 0 
42 83 294 383 410 576 644 748 829 837 0 
102 193 272 341 422 577 674 716 796 909 0 
94 145 252 359 449 562 639 727 834 0 0 
131 177 224 326 455 588 647 782 824 970 0 
119 127 250 359 445 478 699 753 776 981 0 
73 180 227 311 458 592 664 754 824 993 0 
84 182 245 351 418 578 688 702 877 969 0 
96 199 238 401 474 596 607 775 809 946 0 
103 141 250 394 411 552 679 794 843 915 0 
127 195 235 387 493 538 691 786 876 952 0 
90 144 226 401 477 506 666 761 864 964 0 
99 168 254 345 495 589 640 719 896 917 0 
85 140 272 371 373 588 615 802 855 980 0 
34 169 214 331 433 575 670 734 888 0 0 
115 157 234 325 487 580 610 778 811 951 0 
6 29 295 343 392 512 658 722 877 927 0 
91 124 263 335 461 562 658 711 884 922 0 
22 136 287 314 479 514 667 781 787 923 0 
92 147 208 369 489 559 625 798 885 935 0 
73 155 298 322 499 532 633 799 828 988 0 
77 192 217 309 403 534 638 805 825 911 978 
28 193 251 345 453 535 684 751 845 942 0 
58 179 262 383 396 592 615 718 875 943 949 
55 90 282 382 453 533 648 808 908 958 0 
79 140 240 356 453 549 621 804 816 991 0 
44 51 299 401 424 465 693 755 866 996 0 
58 157 263 370 485 594 654 756 847 983 0 
104 190 267 305 496 591 667 782 816 959 0 
120 186 237 333 437 575 686 709 907 918 0 
22 46 207 310 502 568 611 717 879 971 0 
81 148 221 345 463 595 638 704 890 967 0 
88 111 257 259 504 590 634 739 849 924 0 
32 34 275 338 491 524 683 725 875 979 0 
106 154 223 316 462 559 704 778 839 975 0 
81 181 253 332 475 581 697 770 836 993 0 
72 107 209 332 408 594 664 747 901 925 0 
132 187 247 344 440 507 671 703 825 899 0 
59 194 233 364 451 524 689 713 887 945 0 
61 72 233 354 418 587 678 729 898 931 0 
33 186 269 351 430 493 619 794 837 961 0 
109 185 223 341 454 526 633 805 814 921 0 
47 196 287 365 501 526 691 748 884 998 0 
52 59 248 382 416 586 654 716 815 916 0 
25 200 276 324 463 522 618 732 900 1000 0 
91 192 255 372 470 593 624 755 786 916 0 
19 162 241 308 412 505 649 720 836 985 0 
11 150 269 348 477 589 626 769 865 0 0 
56 77 273 346 402 530 607 712 817 962 0 
15 178 297 318 481 560 603 728 871 969 0 
114 135 221 326 474 573 650 699 868 941 0 
1 2 301 342 434 534 646 745 858 922 0 
2 3 267 352 491 556 661 756 849 926 0 
62 159 255 337 502 557 629 793 833 914 0 
26 33 280 308 476 599 698 758 874 929 0 
103 179 284 374 495 540 700 708 809 922 0 
60 164 273 334 461 518 610 806 906 995 0 
35 67 227 361 421 536 681 751 790 944 0 
80 137 246 304 406 540 634 737 886 914 0 
17 198 217 350 431 539 643 743 908 940 0 
33 100 206 356 429 529 664 765 880 984 0 
1 125 207 390 482 574 668 766 869 939 0 
92 195 203 300 419 511 603 715 851 993 0 
63 197 272 377 412 510 665 774 817 999 0 
98 118 297 326 410 582 645 720 869 932 0 
17 31 244 351 422 523 622 792 835 965 0 
95 174 239 318 415 580 639 735 835 997 0 
118 134 264 399 434 559 688 786 838 940 0 
40 41 276 395 492 586 647 700 872 0 0 
23 178 286 329 444 524 662 740 891 938 0 
97 159 270 382 411 553 603 710 848 984 0 
30 40 228 311 407 580 689 788 853 986 0 
12 30 279 380 432 514 661 727 825 957 0 
109 114 226 358 488 563 689 709 833 950 0 
43 74 221 362 452 537 614 800 844 990 0 
88 154 293 315 495 601 702 727 855 0 0 
93 98 236 335 463 510 617 710 779 840 0 
127 138 293 385 403 505 692 800 849 968 0 
124 163 210 302 484 570 611 760 862 967 0 
125 142 240 315 407 511 666 792 829 918 0 
89 102 253 342 421 520 657 738 834 906 0 
46 73 283 351 447 521 683 703 851 929 0 
101 146 281 366 499 517 644 746 855 977 0 
9 152 272 388 430 567 685 697 831 987 0 
54 161 209 385 463 540 609 767 831 939 0 
65 115 247 381 491 587 605 753 890 919 0 
113 199 212 321 476 536 665 788 810 948 0 
108 197 202 378 434 547 670 799 886 959 0 
38 161 231 368 450 579 632 721 830 979 0 
24 173 217 349 497 564 636 721 837 925 985 
13 54 257 391 423 586 650 717 885 938 952 
5 8 260 344 442 599 680 791 823 939 0 
77 153 214 356 487 582 635 746 870 997 0 
81 147 289 365 366 564 613 706 871 962 0 
96 122 246 371 490 568 605 748 821 977 0 
69 155 210 332 493 504 656 728 875 981 0 
29 171 300 370 455 523 673 790 905 938 0 
2 10 257 379 413 555 630 743 857 976 0 
76 177 205 312 477 568 617 780 838 942 0 
3 188 246 316 444 530 649 701 854 973 0 
68 164 222 366 460 587 674 740 867 1000 0 
78 165 233 356 471 513 631 780 858 983 0 
37 180 287 325 424 541 671 737 859 956 0 
53 89 275 394 448 549 682 767 846 945 999 
117 145 288 381 494 505 659 731 843 949 0 
115 165 295 305 476 592 702 723 832 956 0 
24 170 281 347 449 551 663 716 839 963 0 
93 176 203 384 502 588 612 756 837 946 0 
100 152 266 313 407 545 658 772 789 983 0 
44 190 218 339 414 510 608 724 812 0 0 
10 23 224 394 473 550 641 759 882 951 0 
23 92 294 336 428 562 596 764 902 914 0 
36 191 261 369 411 581 611 740 865 941 0 
119 165 236 400 469 555 627 709 871 953 0 
49 132 227 374 500 582 652 759 877 935 0 
48 65 259 369 459 593 692 730 812 943 0 
83 180 292 389 494 590 625 779 858 977 994 
43 164 267 300 470 516 604 783 864 951 0 
12 17 285 295 501 590 684 775 822 879 0 
16 22 280 373 439 553 693 750 870 921 0 
123 185 214 313 376 540 611 790 866 982 0 
14 26 249 312 436 586 669 762 867 948 0 
110 176 241 355 490 577 631 791 910 943 0 
65 120 298 318 428 515 602 738 900 950 0 
95 104 230 358 442 547 630 807 827 988 0 
47 150 217 357 486 556 628 742 804 956 0 
8 12 201 320 498 506 700 796 888 927 0 
68 154 248 389 439 591 673 797 836 930 0 
120 167 293 323 461 523 652 721 820 986 0 
116 181 230 313 423 548 646 732 878 943 0 
74 188 202 390 437 581 678 746 818 995 0 
129 137 236 361 457 539 654 714 868 962 0 
101 166 209 397 444 585 614 741 878 906 0 
36 37 221 372 419 575 606 724 802 889 0 
114 142 291 378 448 531 662 784 879 997 0 
63 71 265 322 465 573 673 780 841 919 0 
40 184 264 345 417 556 686 797 829 915 0 
48 189 235 352 458 562 668 770 893 974 0 
51 105 259 378 445 572 635 729 848 986 0 
87 145 231 328 470 547 650 796 904 946 0 
45 153 296 381 438 569 651 782 879 986 0 
101 186 220 304 456 593 623 720 908 944 955 
112 190 261 395 488 504 646 734 792 976 0 
114 157 252 327 413 529 678 797 860 912 0 
64 147 270 376 493 551 610 768 822 980 0 
117 176 242 377 460 570 614 708 835 974 0 
131 149 225 303 419 544 616 809 823 933 0 
125 201 213 376 481 591 616 776 881 987 0 
132 171 213 338 450 508 631 738 775 925 0 
97 186 268 393 440 549 674 776 810 910 0 
76 82 289 321 486 585 672 715 794 930 0 
17 62 230 316 477 587 642 750 863 999 0 
4 133 248 318 478 598 684 742 831 941 0 
23 75 264 331 422 564 648 795 861 919 0 
11 69 255 392 410 527 677 706 831 975 0 
18 195 247 326 446 565 636 767 856 983 0 
92 157 254 403 468 578 687 713 873 964 0 
56 58 220 388 425 512 666 768 827 994 0 
79 191 273 343 495 507 670 761 824 916 0 
15 169 243 379 454 489 669 763 899 904 0 
117 168 248 349 420 596 703 746 832 924 0 
78 184 261 359 412 569 655 754 821 972 0 
3 4 294 330 418 566 647 726 904 971 0 
18 19 265 364 417 525 619 712 832 960 0 
110 153 204 365 414 472 654 749 845 961 0 
109 173 250 334 479 527 681 747 897 968 0 
1 7 249 364 425 577 620 772 826 981 0 
82 109 286 399 447 561 700 789 874 933 990 
69 117 229 358 424 566 687 738 838 891 0 
51 128 237 346 404 514 647 770 811 887 0 
131 192 239 400 430 541 659 733 906 912 0 
27 47 197 392 420 594 641 798 904 942 0 
41 94 245 385 425 564 604 780 810 966 0 
28 163 297 350 405 572 697 756 832 966 0 
126 151 288 334 432 548 620 737 797 964 0 
61 103 271 405 470 599 648 784 853 963 0 
84 142 278 314 469 554 605 719 905 941 0 
45 140 263 404 442 560 633 723 867 985 0 
94 152 204 304 503 531 603 743 814 952 0 
85 168 274 368 501 583 649 705 826 834 0 
105 139 300 320 490 549 639 726 878 967 0 
