1000 400
4 10
4 4 4 4 4 4 4 4 4 4 4 4 4 4 4 4 4 4 4 4 4 4 4 4 4 4 4 4 4 4 4 4 4 4 4 4 4 4 4 4 4 4 4 4 4 4 4 4 4 4 4 4 4 4 4 4 4 4 4 4 4 4 4 4 4 4 4 4 4 4 4 4 4 4 4 4 4 4 4 4 4 4 4 4 4 4 4 4 4 4 4 4 4 4 4 4 4 4 4 4 4 4 4 4 4 4 4 4 4 4 4 4 4 4 4 4 4 4 4 4 4 4 4 4 4 4 4 4 4 4 4 4 4 4 4 4 4 4 4 4 4 4 4 4 4 4 4 4 4 4 4 4 4 4 4 4 4 4 4 4 4 4 4 4 4 4 4 4 4 4 4 4 4 4 4 4 4 4 4 4 4 4 4 4 4 4 4 4 4 4 4 4 4 4 4 4 4 4 4 4 4 4 4 4 4 4 4 4 4 4 4 4 4 4 4 4 4 4 4 4 4 4 4 4 4 4 4 4 4 4 4 4 4 4 4 4 4 4 4 4 4 4 4 4 4 4 4 4 4 4 4 4 4 4 4 4 4 4 4 4 4 4 4 4 4 4 4 4 4 4 4 4 4 4 4 4 4 4 4 4 4 4 4 4 4 4 4 4 4 4 4 4 4 4 4 4 4 4 4 4 4 4 4 4 4 4 4 4 4 4 4 4 4 4 4 4 4 4 4 4 4 4 4 4 4 4 4 4 4 4 4 4 4 4 4 4 4 4 4 4 4 4 4 4 4 4 4 4 4 4 4 4 4 4 4 4 4 4 4 4 4 4 4 4 4 4 4 4 4 4 4 4 4 4 4 4 4 4 4 4 4 4 4 4 4 4 4 4 4 4 4 4 4 4 4 4 4 4 4 4 4 4 4 4 4 4 4 4 4 4 4 4 4 4 4 4 4 4 4 4 4 4 4 4 4 4 4 4 4 4 4 4 4 4 4 4 4 4 4 4 4 4 4 4 4 4 4 4 4 4 4 4 4 4 4 4 4 4 4 4 4 4 4 4 4 4 4 4 4 4 4 4 4 4 4 4 4 4 4 4 4 4 4 4 4 4 4 4 4 4 4 4 4 4 4 4 4 4 4 4 4 4 4 4 4 4 4 4 4 4 4 4 4 4 4 4 4 4 4 4 4 4 4 4 4 4 4 4 4 4 4 4 4 4 4 4 4 4 4 4 4 4 4 4 4 4 4 4 4 4 4 4 4 4 4 4 4 4 4 4 4 4 4 4 4 4 4 4 4 4 4 4 4 4 4 4 4 4 4 4 4 4 4 4 4 4 4 4 4 4 4 4 4 4 4 4 4 4 4 4 4 4 4 4 4 4 4 4 4 4 4 4 4 4 4 4 4 4 4 4 4 4 4 4 4 4 4 4 4 4 4 4 4 4 4 4 4 4 4 4 4 4 4 4 4 4 4 4 4 4 4 4 4 4 4 4 4 4 4 4 4 4 4 4 4 4 4 4 4 4 4 4 4 4 4 4 4 4 4 4 4 4 4 4 4 4 4 4 4 4 4 4 4 4 4 4 4 4 4 4 4 4 4 4 4 4 4 4 4 4 4 4 4 4 4 4 4 4 4 4 4 4 4 4 4 4 4 4 4 4 4 4 4 4 4 4 4 4 4 4 4 4 4 4 4 4 4 4 4 4 4 4 4 4 4 4 4 4 4 4 4 4 4 4 4 4 4 4 4 4 4 4 4 4 4 4 4 4 4 4 4 4 4 4 4 4 4 4 4 4 4 4 4 4 4 4 4 4 4 4 4 4 4 4 4 4 4 4 4 4 4 4 4 4 4 4 4 4 4 4 4 4 4 4 4 4 4 4 4 4 4 4 4 4 4 4 4 4 4 4 4 4 4 4 4 4 4 4 4 4 4 4 4 4 4 4 4 4 4 4 4 4 4 4 4 4 4 4 4 4 4 4 4 4 4 4 4 4 4 4 4 4 4 4 4 4 4 4 4 4 4 4 4 4 4 4 4 4 4 4 4 4 4 4 4 4 4 4 4 4 4 4 4 4 4 4 4 4 4 4 4 4 4 4 4 4 4 4 4 4 4 4 4 4 4 4 4 4 4 4 4 4 4 4 4 4 4 4 4 4 4 4 4 4 4 4 4 4 4 4 4 4 4 4 4 4 4 4 4 4 4 4 4 4 4 4 4 4 4 4 4 4 4 4 4 4 4 4 4 4 4 4 4 4 4 4 4 4 4 4 
10 10 10 10 10 10 10 10 10 10 10 10 10 10 10 10 10 10 10 10 10 10 10 10 10 10 10 10 10 10 10 10 10 10 10 10 10 10 10 10 10 10 10 10 10 10 10 10 10 10 10 10 10 10 10 10 10 10 10 10 10 10 10 10 10 10 10 10 10 10 10 10 10 10 10 10 10 10 10 10 10 10 10 10 10 10 10 10 10 10 10 10 10 10 10 10 10 10 10 10 10 10 10 10 10 10 10 10 10 10 10 10 10 10 10 10 10 10 10 10 10 10 10 10 10 10 10 10 10 10 10 10 10 10 10 10 10 10 10 10 10 10 10 10 10 10 10 10 10 10 10 10 10 10 10 10 10 10 10 10 10 10 10 10 10 10 10 10 10 10 10 10 10 10 10 10 10 10 10 10 10 10 10 10 10 10 10 10 10 10 10 10 10 10 10 10 10 10 10 10 10 10 10 10 10 10 10 10 10 10 10 10 10 10 10 10 10 10 10 10 10 10 10 10 10 10 10 10 10 10 10 10 10 10 10 10 10 10 10 10 10 10 10 10 10 10 10 10 10 10 10 10 10 10 10 10 10 10 10 10 10 10 10 10 10 10 10 10 10 10 10 10 10 10 10 10 10 10 10 10 10 10 10 10 10 10 10 10 10 10 10 10 10 10 10 10 10 10 10 10 10 10 10 10 10 10 10 10 10 10 10 10 10 10 10 10 10 10 10 10 10 10 10 10 10 10 10 10 10 10 10 10 10 10 10 10 10 10 10 10 10 10 10 10 10 10 10 10 10 10 10 10 10 10 10 10 10 10 10 10 10 10 10 10 10 10 10 10 10 10 10 10 10 10 10 10 10 10 10 10 10 10 10 10 10 10 10 10 10 10 10 10 10 10 10 10 10 10 10 10 
13 149 292 343 
14 150 293 344 
15 151 294 345 
16 152 295 346 
17 153 296 347 
18 154 297 348 
19 155 298 349 
20 156 299 350 
21 157 300 351 
22 158 201 352 
23 159 202 353 
24 160 203 354 
25 161 204 355 
26 162 205 356 
27 163 206 357 
28 164 207 358 
29 165 208 359 
30 166 209 360 
31 167 210 361 
32 168 211 362 
33 169 212 363 
34 170 213 364 
35 171 214 365 
36 172 215 366 
37 173 216 367 
38 174 217 368 
39 175 218 369 
40 176 219 370 
41 177 220 371 
42 178 221 372 
43 179 222 373 
44 180 223 374 
45 181 224 375 
46 182 225 376 
47 183 226 377 
48 184 227 378 
49 185 228 379 
50 186 229 380 
51 187 230 381 
52 188 231 382 
53 189 232 383 
54 190 233 384 
55 191 234 385 
56 192 235 386 
57 193 236 387 
58 194 237 388 
59 195 238 389 
60 196 239 390 
61 197 240 391 
62 198 241 392 
63 199 242 393 
64 200 243 394 
65 101 244 395 
66 102 245 396 
67 103 246 397 
68 104 247 398 
69 105 248 399 
70 106 249 400 
71 107 250 301 
72 108 251 302 
73 109 252 303 
74 110 253 304 
75 111 254 305 
76 112 255 306 
77 113 256 307 
78 114 257 308 
79 115 258 309 
80 116 259 310 
81 117 260 311 
82 118 261 312 
83 119 262 313 
84 120 263 314 
85 121 264 315 
86 122 265 316 
87 123 266 317 
88 124 267 318 
89 125 268 319 
90 126 269 320 
91 127 270 321 
92 128 271 322 
93 129 272 323 
94 130 273 324 
95 131 274 325 
96 132 275 326 
97 133 276 327 
98 134 277 328 
99 135 278 329 
100 136 279 330 
1 137 280 331 
2 138 281 332 
3 139 282 333 
4 140 283 334 
5 141 284 335 
6 142 285 336 
7 143 286 337 
8 144 287 338 
9 145 288 339 
10 146 289 340 
11 147 290 341 
12 148 291 342 
2 127 220 346 
3 128 221 347 
4 129 222 348 
5 130 223 349 
6 131 224 350 
7 132 225 351 
8 133 226 352 
9 134 227 353 
10 135 228 354 
11 136 229 355 
12 137 230 356 
13 138 231 357 
14 139 232 358 
15 140 233 359 
16 141 234 360 
17 142 235 361 
18 143 236 362 
19 144 237 363 
20 145 238 364 
21 146 239 365 
22 147 240 366 
23 148 241 367 
24 149 242 368 
25 150 243 369 
26 151 244 370 
27 152 245 371 
28 153 246 372 
29 154 247 373 
30 155 248 374 
31 156 249 375 
32 157 250 376 
33 158 251 377 
34 159 252 378 
35 160 253 379 
36 161 254 380 
37 162 255 381 
38 163 256 382 
39 164 257 383 
40 165 258 384 
41 166 259 385 
42 167 260 386 
43 168 261 387 
44 169 262 388 
45 170 263 389 
46 171 264 390 
47 172 265 391 
48 173 266 392 
49 174 267 393 
50 175 268 394 
51 176 269 395 
52 177 270 396 
53 178 271 397 
54 179 272 398 
55 180 273 399 
56 181 274 400 
57 182 275 301 
58 183 276 302 
59 184 277 303 
60 185 278 304 
61 186 279 305 
62 187 280 306 
63 188 281 307 
64 189 282 308 
65 190 283 309 
66 191 284 310 
67 192 285 311 
68 193 286 312 
69 194 287 313 
70 195 288 314 
71 196 289 315 
72 197 290 316 
73 198 291 317 
74 199 292 318 
75 200 293 319 
76 101 294 320 
77 102 295 321 
78 103 296 322 
79 104 297 323 
80 105 298 324 
81 106 299 325 
82 107 300 326 
83 108 201 327 
84 109 202 328 
85 110 203 329 
86 111 204 330 
87 112 205 331 
88 113 206 332 
89 114 207 333 
90 115 208 334 
91 116 209 335 
92 117 210 336 
93 118 211 337 
94 119 212 338 
95 120 213 339 
96 121 214 340 
97 122 215 341 
98 123 216 342 
99 124 217 343 
100 125 218 344 
1 126 219 345 
52 145 272 356 
53 146 273 357 
54 147 274 358 
55 148 275 359 
56 149 276 360 
57 150 277 361 
58 151 278 362 
59 152 279 363 
60 153 280 364 
61 154 281 365 
62 155 282 366 
63 156 283 367 
64 157 284 368 
65 158 285 369 
66 159 286 370 
67 160 287 371 
68 161 288 372 
69 162 289 373 
70 163 290 374 
71 164 291 375 
72 165 292 376 
73 166 293 377 
74 167 294 378 
75 168 295 379 
76 169 296 380 
77 170 297 381 
78 171 298 382 
79 172 299 383 
80 173 300 384 
81 174 201 385 
82 175 202 386 
83 176 203 387 
84 177 204 388 
85 178 205 389 
86 179 206 390 
87 180 207 391 
88 181 208 392 
89 182 209 393 
90 183 210 394 
91 184 211 395 
92 185 212 396 
93 186 213 397 
94 187 214 398 
95 188 215 399 
96 189 216 400 
97 190 217 301 
98 191 218 302 
99 192 219 303 
100 193 220 304 
1 194 221 305 
2 195 222 306 
3 196 223 307 
4 197 224 308 
5 198 225 309 
6 199 226 310 
7 200 227 311 
8 101 228 312 
9 102 229 313 
10 103 230 314 
11 104 231 315 
12 105 232 316 
13 106 233 317 
14 107 234 318 
15 108 235 319 
16 109 236 320 
17 110 237 321 
18 111 238 322 
19 112 239 323 
20 113 240 324 
21 114 241 325 
22 115 242 326 
23 116 243 327 
24 117 244 328 
25 118 245 329 
26 119 246 330 
27 120 247 331 
28 121 248 332 
29 122 249 333 
30 123 250 334 
31 124 251 335 
32 125 252 336 
33 126 253 337 
34 127 254 338 
35 128 255 339 
36 129 256 340 
37 130 257 341 
38 131 258 342 
39 132 259 343 
40 133 260 344 
41 134 261 345 
42 135 262 346 
43 136 263 347 
44 137 264 348 
45 138 265 349 
46 139 266 350 
47 140 267 351 
48 141 268 352 
49 142 269 353 
50 143 270 354 
51 144 271 355 
40 143 255 375 
41 144 256 376 
42 145 257 377 
43 146 258 378 
44 147 259 379 
45 148 260 380 
46 149 261 381 
47 150 262 382 
48 151 263 383 
49 152 264 384 
50 153 265 385 
51 154 266 386 
52 155 267 387 
53 156 268 388 
54 157 269 389 
55 158 270 390 
56 159 271 391 
57 160 272 392 
58 161 273 393 
59 162 274 394 
60 163 275 395 
61 164 276 396 
62 165 277 397 
63 166 278 398 
64 167 279 399 
65 168 280 400 
66 169 281 301 
67 170 282 302 
68 171 283 303 
69 172 284 304 
70 173 285 305 
71 174 286 306 
72 175 287 307 
73 176 288 308 
74 177 289 309 
75 178 290 310 
76 179 291 311 
77 180 292 312 
78 181 293 313 
79 182 294 314 
80 183 295 315 
81 184 296 316 
82 185 297 317 
83 186 298 318 
84 187 299 319 
85 188 300 320 
86 189 201 321 
87 190 202 322 
88 191 203 323 
89 192 204 324 
90 193 205 325 
91 194 206 326 
92 195 207 327 
93 196 208 328 
94 197 209 329 
95 198 210 330 
96 199 211 331 
97 200 212 332 
98 101 213 333 
99 102 214 334 
100 103 215 335 
1 104 216 336 
2 105 217 337 
3 106 218 338 
4 107 219 339 
5 108 220 340 
6 109 221 341 
7 110 222 342 
8 111 223 343 
9 112 224 344 
10 113 225 345 
11 114 226 346 
12 115 227 347 
13 116 228 348 
14 117 229 349 
15 118 230 350 
16 119 231 351 
17 120 232 352 
18 121 233 353 
19 122 234 354 
20 123 235 355 
21 124 236 356 
22 125 237 357 
23 126 238 358 
24 127 239 359 
25 128 240 360 
26 129 241 361 
27 130 242 362 
28 131 243 363 
29 132 244 364 
30 133 245 365 
31 134 246 366 
32 135 247 367 
33 136 248 368 
34 137 249 369 
35 138 250 370 
36 139 251 371 
37 140 252 372 
38 141 253 373 
39 142 254 374 
85 105 244 363 
86 106 245 364 
87 107 246 365 
88 108 247 366 
89 109 248 367 
90 110 249 368 
91 111 250 369 
92 112 251 370 
93 113 252 371 
94 114 253 372 
95 115 254 373 
96 116 255 374 
97 117 256 375 
98 118 257 376 
99 119 258 377 
100 120 259 378 
1 121 260 379 
2 122 261 380 
3 123 262 381 
4 124 263 382 
5 125 264 383 
6 126 265 384 
7 127 266 385 
8 128 267 386 
9 129 268 387 
10 130 269 388 
11 131 270 389 
12 132 271 390 
13 133 272 391 
14 134 273 392 
15 135 274 393 
16 136 275 394 
17 137 276 395 
18 138 277 396 
19 139 278 397 
20 140 279 398 
21 141 280 399 
22 142 281 400 
23 143 282 301 
24 144 283 302 
25 145 284 303 
26 146 285 304 
27 147 286 305 
28 148 287 306 
29 149 288 307 
30 150 289 308 
31 151 290 309 
32 152 291 310 
33 153 292 311 
34 154 293 312 
35 155 294 313 
36 156 295 314 
37 157 296 315 
38 158 297 316 
39 159 298 317 
40 160 299 318 
41 161 300 319 
42 162 201 320 
43 163 202 321 
44 164 203 322 
45 165 204 323 
46 166 205 324 
47 167 206 325 
48 168 207 326 
49 169 208 327 
50 170 209 328 
51 171 210 329 
52 172 211 330 
53 173 212 331 
54 174 213 332 
55 175 214 333 
56 176 215 334 
57 177 216 335 
58 178 217 336 
59 179 218 337 
60 180 219 338 
61 181 220 339 
62 182 221 340 
63 183 222 341 
64 184 223 342 
65 185 224 343 
66 186 225 344 
67 187 226 345 
68 188 227 346 
69 189 228 347 
70 190 229 348 
71 191 230 349 
72 192 231 350 
73 193 232 351 
74 194 233 352 
75 195 234 353 
76 196 235 354 
77 197 236 355 
78 198 237 356 
79 199 238 357 
80 200 239 358 
81 101 240 359 
82 102 241 360 
83 103 242 361 
84 104 243 362 
49 118 268 321 
50 119 269 322 
51 120 270 323 
52 121 271 324 
53 122 272 325 
54 123 273 326 
55 124 274 327 
56 125 275 328 
57 126 276 329 
58 127 277 330 
59 128 278 331 
60 129 279 332 
61 130 280 333 
62 131 281 334 
63 132 282 335 
64 133 283 336 
65 134 284 337 
66 135 285 338 
67 136 286 339 
68 137 287 340 
69 138 288 341 
70 139 289 342 
71 140 290 343 
72 141 291 344 
73 142 292 345 
74 143 293 346 
75 144 294 347 
76 145 295 348 
77 146 296 349 
78 147 297 350 
79 148 298 351 
80 149 299 352 
81 150 300 353 
82 151 201 354 
83 152 202 355 
84 153 203 356 
85 154 204 357 
86 155 205 358 
87 156 206 359 
88 157 207 360 
89 158 208 361 
90 159 209 362 
91 160 210 363 
92 161 211 364 
93 162 212 365 
94 163 213 366 
95 164 214 367 
96 165 215 368 
97 166 216 369 
98 167 217 370 
99 168 218 371 
100 169 219 372 
1 170 220 373 
2 171 221 374 
3 172 222 375 
4 173 223 376 
5 174 224 377 
6 175 225 378 
7 176 226 379 
8 177 227 380 
9 178 228 381 
10 179 229 382 
11 180 230 383 
12 181 231 384 
13 182 232 385 
14 183 233 386 
15 184 234 387 
16 185 235 388 
17 186 236 389 
18 187 237 390 
19 188 238 391 
20 189 239 392 
21 190 240 393 
22 191 241 394 
23 192 242 395 
24 193 243 396 
25 194 244 397 
26 195 245 398 
27 196 246 399 
28 197 247 400 
29 198 248 301 
30 199 249 302 
31 200 250 303 
32 101 251 304 
33 102 252 305 
34 103 253 306 
35 104 254 307 
36 105 255 308 
37 106 256 309 
38 107 257 310 
39 108 258 311 
40 109 259 312 
41 110 260 313 
42 111 261 314 
43 112 262 315 
44 113 263 316 
45 114 264 317 
46 115 265 318 
47 116 266 319 
48 117 267 320 
43 156 260 338 
44 157 261 339 
45 158 262 340 
46 159 263 341 
47 160 264 342 
48 161 265 343 
49 162 266 344 
50 163 267 345 
51 164 268 346 
52 165 269 347 
53 166 270 348 
54 167 271 349 
55 168 272 350 
56 169 273 351 
57 170 274 352 
58 171 275 353 
59 172 276 354 
60 173 277 355 
61 174 278 356 
62 175 279 357 
63 176 280 358 
64 177 281 359 
65 178 282 360 
66 179 283 361 
67 180 284 362 
68 181 285 363 
69 182 286 364 
70 183 287 365 
71 184 288 366 
72 185 289 367 
73 186 290 368 
74 187 291 369 
75 188 292 370 
76 189 293 371 
77 190 294 372 
78 191 295 373 
79 192 296 374 
80 193 297 375 
81 194 298 376 
82 195 299 377 
83 196 300 378 
84 197 201 379 
85 198 202 380 
86 199 203 381 
87 200 204 382 
88 101 205 383 
89 102 206 384 
90 103 207 385 
91 104 208 386 
92 105 209 387 
93 106 210 388 
94 107 211 389 
95 108 212 390 
96 109 213 391 
97 110 214 392 
98 111 215 393 
99 112 216 394 
100 113 217 395 
1 114 218 396 
2 115 219 397 
3 116 220 398 
4 117 221 399 
5 118 222 400 
6 119 223 301 
7 120 224 302 
8 121 225 303 
9 122 226 304 
10 123 227 305 
11 124 228 306 
12 125 229 307 
13 126 230 308 
14 127 231 309 
15 128 232 310 
16 129 233 311 
17 130 234 312 
18 131 235 313 
19 132 236 314 
20 133 237 315 
21 134 238 316 
22 135 239 317 
23 136 240 318 
24 137 241 319 
25 138 242 320 
26 139 243 321 
27 140 244 322 
28 141 245 323 
29 142 246 324 
30 143 247 325 
31 144 248 326 
32 145 249 327 
33 146 250 328 
34 147 251 329 
35 148 252 330 
36 149 253 331 
37 150 254 332 
38 151 255 333 
39 152 256 334 
40 153 257 335 
41 154 258 336 
42 155 259 337 
24 124 285 388 
25 125 286 389 
26 126 287 390 
27 127 288 391 
28 128 289 392 
29 129 290 393 
30 130 291 394 
31 131 292 395 
32 132 293 396 
33 133 294 397 
34 134 295 398 
35 135 296 399 
36 136 297 400 
37 137 298 301 
38 138 299 302 
39 139 300 303 
40 140 201 304 
41 141 202 305 
42 142 203 306 
43 143 204 307 
44 144 205 308 
45 145 206 309 
46 146 207 310 
47 147 208 311 
48 148 209 312 
49 149 210 313 
50 150 211 314 
51 151 212 315 
52 152 213 316 
53 153 214 317 
54 154 215 318 
55 155 216 319 
56 156 217 320 
57 157 218 321 
58 158 219 322 
59 159 220 323 
60 160 221 324 
61 161 222 325 
62 162 223 326 
63 163 224 327 
64 164 225 328 
65 165 226 329 
66 166 227 330 
67 167 228 331 
68 168 229 332 
69 169 230 333 
70 170 231 334 
71 171 232 335 
72 172 233 336 
73 173 234 337 
74 174 235 338 
75 175 236 339 
76 176 237 340 
77 177 238 341 
78 178 239 342 
79 179 240 343 
80 180 241 344 
81 181 242 345 
82 182 243 346 
83 183 244 347 
84 184 245 348 
85 185 246 349 
86 186 247 350 
87 187 248 351 
88 188 249 352 
89 189 250 353 
90 190 251 354 
91 191 252 355 
92 192 253 356 
93 193 254 357 
94 194 255 358 
95 195 256 359 
96 196 257 360 
97 197 258 361 
98 198 259 362 
99 199 260 363 
100 200 261 364 
1 101 262 365 
2 102 263 366 
3 103 264 367 
4 104 265 368 
5 105 266 369 
6 106 267 370 
7 107 268 371 
8 108 269 372 
9 109 270 373 
10 110 271 374 
11 111 272 375 
12 112 273 376 
13 113 274 377 
14 114 275 378 
15 115 276 379 
16 116 277 380 
17 117 278 381 
18 118 279 382 
19 119 280 383 
20 120 281 384 
21 121 282 385 
22 122 283 386 
23 123 284 387 
94 189 261 309 
95 190 262 310 
96 191 263 311 
97 192 264 312 
98 193 265 313 
99 194 266 314 
100 195 267 315 
1 196 268 316 
2 197 269 317 
3 198 270 318 
4 199 271 319 
5 200 272 320 
6 101 273 321 
7 102 274 322 
8 103 275 323 
9 104 276 324 
10 105 277 325 
11 106 278 326 
12 107 279 327 
13 108 280 328 
14 109 281 329 
15 110 282 330 
16 111 283 331 
17 112 284 332 
18 113 285 333 
19 114 286 334 
20 115 287 335 
21 116 288 336 
22 117 289 337 
23 118 290 338 
24 119 291 339 
25 120 292 340 
26 121 293 341 
27 122 294 342 
28 123 295 343 
29 124 296 344 
30 125 297 345 
31 126 298 346 
32 127 299 347 
33 128 300 348 
34 129 201 349 
35 130 202 350 
36 131 203 351 
37 132 204 352 
38 133 205 353 
39 134 206 354 
40 135 207 355 
41 136 208 356 
42 137 209 357 
43 138 210 358 
44 139 211 359 
45 140 212 360 
46 141 213 361 
47 142 214 362 
48 143 215 363 
49 144 216 364 
50 145 217 365 
51 146 218 366 
52 147 219 367 
53 148 220 368 
54 149 221 369 
55 150 222 370 
56 151 223 371 
57 152 224 372 
58 153 225 373 
59 154 226 374 
60 155 227 375 
61 156 228 376 
62 157 229 377 
63 158 230 378 
64 159 231 379 
65 160 232 380 
66 161 233 381 
67 162 234 382 
68 163 235 383 
69 164 236 384 
70 165 237 385 
71 166 238 386 
72 167 239 387 
73 168 240 388 
74 169 241 389 
75 170 242 390 
76 171 243 391 
77 172 244 392 
78 173 245 393 
79 174 246 394 
80 175 247 395 
81 176 248 396 
82 177 249 397 
83 178 250 398 
84 179 251 399 
85 180 252 400 
86 181 253 301 
87 182 254 302 
88 183 255 303 
89 184 256 304 
90 185 257 305 
91 186 258 306 
92 187 259 307 
93 188 260 308 
56 108 245 375 
57 109 246 376 
58 110 247 377 
59 111 248 378 
60 112 249 379 
61 113 250 380 
62 114 251 381 
63 115 252 382 
64 116 253 383 
65 117 254 384 
66 118 255 385 
67 119 256 386 
68 120 257 387 
69 121 258 388 
70 122 259 389 
71 123 260 390 
72 124 261 391 
73 125 262 392 
74 126 263 393 
75 127 264 394 
76 128 265 395 
77 129 266 396 
78 130 267 397 
79 131 268 398 
80 132 269 399 
81 133 270 400 
82 134 271 301 
83 135 272 302 
84 136 273 303 
85 137 274 304 
86 138 275 305 
87 139 276 306 
88 140 277 307 
89 141 278 308 
90 142 279 309 
91 143 280 310 
92 144 281 311 
93 145 282 312 
94 146 283 313 
95 147 284 314 
96 148 285 315 
97 149 286 316 
98 150 287 317 
99 151 288 318 
100 152 289 319 
1 153 290 320 
2 154 291 321 
3 155 292 322 
4 156 293 323 
5 157 294 324 
6 158 295 325 
7 159 296 326 
8 160 297 327 
9 161 298 328 
10 162 299 329 
11 163 300 330 
12 164 201 331 
13 165 202 332 
14 166 203 333 
15 167 204 334 
16 168 205 335 
17 169 206 336 
18 170 207 337 
19 171 208 338 
20 172 209 339 
21 173 210 340 
22 174 211 341 
23 175 212 342 
24 176 213 343 
25 177 214 344 
26 178 215 345 
27 179 216 346 
28 180 217 347 
29 181 218 348 
30 182 219 349 
31 183 220 350 
32 184 221 351 
33 185 222 352 
34 186 223 353 
35 187 224 354 
36 188 225 355 
37 189 226 356 
38 190 227 357 
39 191 228 358 
40 192 229 359 
41 193 230 360 
42 194 231 361 
43 195 232 362 
44 196 233 363 
45 197 234 364 
46 198 235 365 
47 199 236 366 
48 200 237 367 
49 101 238 368 
50 102 239 369 
51 103 240 370 
52 104 241 371 
53 105 242 372 
54 106 243 373 
55 107 244 374 
89 200 250 362 417 553 659 778 808 946 
90 101 251 363 418 554 660 779 809 947 
91 102 252 364 419 555 661 780 810 948 
92 103 253 365 420 556 662 781 811 949 
93 104 254 366 421 557 663 782 812 950 
94 105 255 367 422 558 664 783 813 951 
95 106 256 368 423 559 665 784 814 952 
96 107 257 369 424 560 666 785 815 953 
97 108 258 370 425 561 667 786 816 954 
98 109 259 371 426 562 668 787 817 955 
99 110 260 372 427 563 669 788 818 956 
100 111 261 373 428 564 670 789 819 957 
1 112 262 374 429 565 671 790 820 958 
2 113 263 375 430 566 672 791 821 959 
3 114 264 376 431 567 673 792 822 960 
4 115 265 377 432 568 674 793 823 961 
5 116 266 378 433 569 675 794 824 962 
6 117 267 379 434 570 676 795 825 963 
7 118 268 380 435 571 677 796 826 964 
8 119 269 381 436 572 678 797 827 965 
9 120 270 382 437 573 679 798 828 966 
10 121 271 383 438 574 680 799 829 967 
11 122 272 384 439 575 681 800 830 968 
12 123 273 385 440 576 682 701 831 969 
13 124 274 386 441 577 683 702 832 970 
14 125 275 387 442 578 684 703 833 971 
15 126 276 388 443 579 685 704 834 972 
16 127 277 389 444 580 686 705 835 973 
17 128 278 390 445 581 687 706 836 974 
18 129 279 391 446 582 688 707 837 975 
19 130 280 392 447 583 689 708 838 976 
20 131 281 393 448 584 690 709 839 977 
21 132 282 394 449 585 691 710 840 978 
22 133 283 395 450 586 692 711 841 979 
23 134 284 396 451 587 693 712 842 980 
24 135 285 397 452 588 694 713 843 981 
25 136 286 398 453 589 695 714 844 982 
26 137 287 399 454 590 696 715 845 983 
27 138 288 400 455 591 697 716 846 984 
28 139 289 301 456 592 698 717 847 985 
29 140 290 302 457 593 699 718 848 986 
30 141 291 303 458 594 700 719 849 987 
31 142 292 304 459 595 601 720 850 988 
32 143 293 305 460 596 602 721 851 989 
33 144 294 306 461 597 603 722 852 990 
34 145 295 307 462 598 604 723 853 991 
35 146 296 308 463 599 605 724 854 992 
36 147 297 309 464 600 606 725 855 993 
37 148 298 310 465 501 607 726 856 994 
38 149 299 311 466 502 608 727 857 995 
39 150 300 312 467 503 609 728 858 996 
40 151 201 313 468 504 610 729 859 997 
41 152 202 314 469 505 611 730 860 998 
42 153 203 315 470 506 612 731 861 999 
43 154 204 316 471 507 613 732 862 1000 
44 155 205 317 472 508 614 733 863 901 
45 156 206 318 473 509 615 734 864 902 
46 157 207 319 474 510 616 735 865 903 
47 158 208 320 475 511 617 736 866 904 
48 159 209 321 476 512 618 737 867 905 
49 160 210 322 477 513 619 738 868 906 
50 161 211 323 478 514 620 739 869 907 
51 162 212 324 479 515 621 740 870 908 
52 163 213 325 480 516 622 741 871 909 
53 164 214 326 481 517 623 742 872 910 
54 165 215 327 482 518 624 743 873 911 
55 166 216 328 483 519 625 744 874 912 
56 167 217 329 484 520 626 745 875 913 
57 168 218 330 485 521 627 746 876 914 
58 169 219 331 486 522 628 747 877 915 
59 170 220 332 487 523 629 748 878 916 
60 171 221 333 488 524 630 749 879 917 
61 172 222 334 489 525 631 750 880 918 
62 173 223 335 490 526 632 751 881 919 
63 174 224 336 491 527 633 752 882 920 
64 175 225 337 492 528 634 753 883 921 
65 176 226 338 493 529 635 754 884 922 
66 177 227 339 494 530 636 755 885 923 
67 178 228 340 495 531 637 756 886 924 
68 179 229 341 496 532 638 757 887 925 
69 180 230 342 497 533 639 758 888 926 
70 181 231 343 498 534 640 759 889 927 
71 182 232 344 499 535 641 760 890 928 
72 183 233 345 500 536 642 761 891 929 
73 184 234 346 401 537 643 762 892 930 
74 185 235 347 402 538 644 763 893 931 
75 186 236 348 403 539 645 764 894 932 
76 187 237 349 404 540 646 765 895 933 
77 188 238 350 405 541 647 766 896 934 
78 189 239 351 406 542 648 767 897 935 
79 190 240 352 407 543 649 768 898 936 
80 191 241 353 408 544 650 769 899 937 
81 192 242 354 409 545 651 770 900 938 
82 193 243 355 410 546 652 771 801 939 
83 194 244 356 411 547 653 772 802 940 
84 195 245 357 412 548 654 773 803 941 
85 196 246 358 413 549 655 774 804 942 
86 197 247 359 414 550 656 775 805 943 
87 198 248 360 415 551 657 776 806 944 
88 199 249 361 416 552 658 777 807 945 
53 175 257 359 497 584 646 778 813 994 
54 176 258 360 498 585 647 779 814 995 
55 177 259 361 499 586 648 780 815 996 
56 178 260 362 500 587 649 781 816 997 
57 179 261 363 401 588 650 782 817 998 
58 180 262 364 402 589 651 783 818 999 
59 181 263 365 403 590 652 784 819 1000 
60 182 264 366 404 591 653 785 820 901 
61 183 265 367 405 592 654 786 821 902 
62 184 266 368 406 593 655 787 822 903 
63 185 267 369 407 594 656 788 823 904 
64 186 268 370 408 595 657 789 824 905 
65 187 269 371 409 596 658 790 825 906 
66 188 270 372 410 597 659 791 826 907 
67 189 271 373 411 598 660 792 827 908 
68 190 272 374 412 599 661 793 828 909 
69 191 273 375 413 600 662 794 829 910 
70 192 274 376 414 501 663 795 830 911 
71 193 275 377 415 502 664 796 831 912 
72 194 276 378 416 503 665 797 832 913 
73 195 277 379 417 504 666 798 833 914 
74 196 278 380 418 505 667 799 834 915 
75 197 279 381 419 506 668 800 835 916 
76 198 280 382 420 507 669 701 836 917 
77 199 281 383 421 508 670 702 837 918 
78 200 282 384 422 509 671 703 838 919 
79 101 283 385 423 510 672 704 839 920 
80 102 284 386 424 511 673 705 840 921 
81 103 285 387 425 512 674 706 841 922 
82 104 286 388 426 513 675 707 842 923 
83 105 287 389 427 514 676 708 843 924 
84 106 288 390 428 515 677 709 844 925 
85 107 289 391 429 516 678 710 845 926 
86 108 290 392 430 517 679 711 846 927 
87 109 291 393 431 518 680 712 847 928 
88 110 292 394 432 519 681 713 848 929 
89 111 293 395 433 520 682 714 849 930 
90 112 294 396 434 521 683 715 850 931 
91 113 295 397 435 522 684 716 851 932 
92 114 296 398 436 523 685 717 852 933 
93 115 297 399 437 524 686 718 853 934 
94 116 298 400 438 525 687 719 854 935 
95 117 299 301 439 526 688 720 855 936 
96 118 300 302 440 527 689 721 856 937 
97 119 201 303 441 528 690 722 857 938 
98 120 202 304 442 529 691 723 858 939 
99 121 203 305 443 530 692 724 859 940 
100 122 204 306 444 531 693 725 860 941 
1 123 205 307 445 532 694 726 861 942 
2 124 206 308 446 533 695 727 862 943 
3 125 207 309 447 534 696 728 863 944 
4 126 208 310 448 535 697 729 864 945 
5 127 209 311 449 536 698 730 865 946 
6 128 210 312 450 537 699 731 866 947 
7 129 211 313 451 538 700 732 867 948 
8 130 212 314 452 539 601 733 868 949 
9 131 213 315 453 540 602 734 869 950 
10 132 214 316 454 541 603 735 870 951 
11 133 215 317 455 542 604 736 871 952 
12 134 216 318 456 543 605 737 872 953 
13 135 217 319 457 544 606 738 873 954 
14 136 218 320 458 545 607 739 874 955 
15 137 219 321 459 546 608 740 875 956 
16 138 220 322 460 547 609 741 876 957 
17 139 221 323 461 548 610 742 877 958 
18 140 222 324 462 549 611 743 878 959 
19 141 223 325 463 550 612 744 879 960 
20 142 224 326 464 551 613 745 880 961 
21 143 225 327 465 552 614 746 881 962 
22 144 226 328 466 553 615 747 882 963 
23 145 227 329 467 554 616 748 883 964 
24 146 228 330 468 555 617 749 884 965 
25 147 229 331 469 556 618 750 885 966 
26 148 230 332 470 557 619 751 886 967 
27 149 231 333 471 558 620 752 887 968 
28 150 232 334 472 559 621 753 888 969 
29 151 233 335 473 560 622 754 889 970 
30 152 234 336 474 561 623 755 890 971 
31 153 235 337 475 562 624 756 891 972 
32 154 236 338 476 563 625 757 892 973 
33 155 237 339 477 564 626 758 893 974 
34 156 238 340 478 565 627 759 894 975 
35 157 239 341 479 566 628 760 895 976 
36 158 240 342 480 567 629 761 896 977 
37 159 241 343 481 568 630 762 897 978 
38 160 242 344 482 569 631 763 898 979 
39 161 243 345 483 570 632 764 899 980 
40 162 244 346 484 571 633 765 900 981 
41 163 245 347 485 572 634 766 801 982 
42 164 246 348 486 573 635 767 802 983 
43 165 247 349 487 574 636 768 803 984 
44 166 248 350 488 575 637 769 804 985 
45 167 249 351 489 576 638 770 805 986 
46 168 250 352 490 577 639 771 806 987 
47 169 251 353 491 578 640 772 807 988 
48 170 252 354 492 579 641 773 808 989 
49 171 253 355 493 580 642 774 809 990 
50 172 254 356 494 581 643 775 810 991 
51 173 255 357 495 582 644 776 811 992 
52 174 256 358 496 583 645 777 812 993 
10 182 230 347 458 534 642 717 841 957 
11 183 231 348 459 535 643 718 842 958 
12 184 232 349 460 536 644 719 843 959 
13 185 233 350 461 537 645 720 844 960 
14 186 234 351 462 538 646 721 845 961 
15 187 235 352 463 539 647 722 846 962 
16 188 236 353 464 540 648 723 847 963 
17 189 237 354 465 541 649 724 848 964 
18 190 238 355 466 542 650 725 849 965 
19 191 239 356 467 543 651 726 850 966 
20 192 240 357 468 544 652 727 851 967 
21 193 241 358 469 545 653 728 852 968 
22 194 242 359 470 546 654 729 853 969 
23 195 243 360 471 547 655 730 854 970 
24 196 244 361 472 548 656 731 855 971 
25 197 245 362 473 549 657 732 856 972 
26 198 246 363 474 550 658 733 857 973 
27 199 247 364 475 551 659 734 858 974 
28 200 248 365 476 552 660 735 859 975 
29 101 249 366 477 553 661 736 860 976 
30 102 250 367 478 554 662 737 861 977 
31 103 251 368 479 555 663 738 862 978 
32 104 252 369 480 556 664 739 863 979 
33 105 253 370 481 557 665 740 864 980 
34 106 254 371 482 558 666 741 865 981 
35 107 255 372 483 559 667 742 866 982 
36 108 256 373 484 560 668 743 867 983 
37 109 257 374 485 561 669 744 868 984 
38 110 258 375 486 562 670 745 869 985 
39 111 259 376 487 563 671 746 870 986 
40 112 260 377 488 564 672 747 871 987 
41 113 261 378 489 565 673 748 872 988 
42 114 262 379 490 566 674 749 873 989 
43 115 263 380 491 567 675 750 874 990 
44 116 264 381 492 568 676 751 875 991 
45 117 265 382 493 569 677 752 876 992 
46 118 266 383 494 570 678 753 877 993 
47 119 267 384 495 571 679 754 878 994 
48 120 268 385 496 572 680 755 879 995 
49 121 269 386 497 573 681 756 880 996 
50 122 270 387 498 574 682 757 881 997 
51 123 271 388 499 575 683 758 882 998 
52 124 272 389 500 576 684 759 883 999 
53 125 273 390 401 577 685 760 884 1000 
54 126 274 391 402 578 686 761 885 901 
55 127 275 392 403 579 687 762 886 902 
56 128 276 393 404 580 688 763 887 903 
57 129 277 394 405 581 689 764 888 904 
58 130 278 395 406 582 690 765 889 905 
59 131 279 396 407 583 691 766 890 906 
60 132 280 397 408 584 692 767 891 907 
61 133 281 398 409 585 693 768 892 908 
62 134 282 399 410 586 694 769 893 909 
63 135 283 400 411 587 695 770 894 910 
64 136 284 301 412 588 696 771 895 911 
65 137 285 302 413 589 697 772 896 912 
66 138 286 303 414 590 698 773 897 913 
67 139 287 304 415 591 699 774 898 914 
68 140 288 305 416 592 700 775 899 915 
69 141 289 306 417 593 601 776 900 916 
70 142 290 307 418 594 602 777 801 917 
71 143 291 308 419 595 603 778 802 918 
72 144 292 309 420 596 604 779 803 919 
73 145 293 310 421 597 605 780 804 920 
74 146 294 311 422 598 606 781 805 921 
75 147 295 312 423 599 607 782 806 922 
76 148 296 313 424 600 608 783 807 923 
77 149 297 314 425 501 609 784 808 924 
78 150 298 315 426 502 610 785 809 925 
79 151 299 316 427 503 611 786 810 926 
80 152 300 317 428 504 612 787 811 927 
81 153 201 318 429 505 613 788 812 928 
82 154 202 319 430 506 614 789 813 929 
83 155 203 320 431 507 615 790 814 930 
84 156 204 321 432 508 616 791 815 931 
85 157 205 322 433 509 617 792 816 932 
86 158 206 323 434 510 618 793 817 933 
87 159 207 324 435 511 619 794 818 934 
88 160 208 325 436 512 620 795 819 935 
89 161 209 326 437 513 621 796 820 936 
90 162 210 327 438 514 622 797 821 937 
91 163 211 328 439 515 623 798 822 938 
92 164 212 329 440 516 624 799 823 939 
93 165 213 330 441 517 625 800 824 940 
94 166 214 331 442 518 626 701 825 941 
95 167 215 332 443 519 627 702 826 942 
96 168 216 333 444 520 628 703 827 943 
97 169 217 334 445 521 629 704 828 944 
98 170 218 335 446 522 630 705 829 945 
99 171 219 336 447 523 631 706 830 946 
100 172 220 337 448 524 632 707 831 947 
1 173 221 338 449 525 633 708 832 948 
2 174 222 339 450 526 634 709 833 949 
3 175 223 340 451 527 635 710 834 950 
4 176 224 341 452 528 636 711 835 951 
5 177 225 342 453 529 637 712 836 952 
6 178 226 343 454 530 638 713 837 953 
7 179 227 344 455 531 639 714 838 954 
8 180 228 345 456 532 640 715 839 955 
9 181 229 346 457 533 641 716 840 956 
59 156 246 327 439 581 664 714 893 927 
60 157 247 328 440 582 665 715 894 928 
61 158 248 329 441 583 666 716 895 929 
62 159 249 330 442 584 667 717 896 930 
63 160 250 331 443 585 668 718 897 931 
64 161 251 332 444 586 669 719 898 932 
65 162 252 333 445 587 670 720 899 933 
66 163 253 334 446 588 671 721 900 934 
67 164 254 335 447 589 672 722 801 935 
68 165 255 336 448 590 673 723 802 936 
69 166 256 337 449 591 674 724 803 937 
70 167 257 338 450 592 675 725 804 938 
71 168 258 339 451 593 676 726 805 939 
72 169 259 340 452 594 677 727 806 940 
73 170 260 341 453 595 678 728 807 941 
74 171 261 342 454 596 679 729 808 942 
75 172 262 343 455 597 680 730 809 943 
76 173 263 344 456 598 681 731 810 944 
77 174 264 345 457 599 682 732 811 945 
78 175 265 346 458 600 683 733 812 946 
79 176 266 347 459 501 684 734 813 947 
80 177 267 348 460 502 685 735 814 948 
81 178 268 349 461 503 686 736 815 949 
82 179 269 350 462 504 687 737 816 950 
83 180 270 351 463 505 688 738 817 951 
84 181 271 352 464 506 689 739 818 952 
85 182 272 353 465 507 690 740 819 953 
86 183 273 354 466 508 691 741 820 954 
87 184 274 355 467 509 692 742 821 955 
88 185 275 356 468 510 693 743 822 956 
89 186 276 357 469 511 694 744 823 957 
90 187 277 358 470 512 695 745 824 958 
91 188 278 359 471 513 696 746 825 959 
92 189 279 360 472 514 697 747 826 960 
93 190 280 361 473 515 698 748 827 961 
94 191 281 362 474 516 699 749 828 962 
95 192 282 363 475 517 700 750 829 963 
96 193 283 364 476 518 601 751 830 964 
97 194 284 365 477 519 602 752 831 965 
98 195 285 366 478 520 603 753 832 966 
99 196 286 367 479 521 604 754 833 967 
100 197 287 368 480 522 605 755 834 968 
1 198 288 369 481 523 606 756 835 969 
2 199 289 370 482 524 607 757 836 970 
3 200 290 371 483 525 608 758 837 971 
4 101 291 372 484 526 609 759 838 972 
5 102 292 373 485 527 610 760 839 973 
6 103 293 374 486 528 611 761 840 974 
7 104 294 375 487 529 612 762 841 975 
8 105 295 376 488 530 613 763 842 976 
9 106 296 377 489 531 614 764 843 977 
10 107 297 378 490 532 615 765 844 978 
11 108 298 379 491 533 616 766 845 979 
12 109 299 380 492 534 617 767 846 980 
13 110 300 381 493 535 618 768 847 981 
14 111 201 382 494 536 619 769 848 982 
15 112 202 383 495 537 620 770 849 983 
16 113 203 384 496 538 621 771 850 984 
17 114 204 385 497 539 622 772 851 985 
18 115 205 386 498 540 623 773 852 986 
19 116 206 387 499 541 624 774 853 987 
20 117 207 388 500 542 625 775 854 988 
21 118 208 389 401 543 626 776 855 989 
22 119 209 390 402 544 627 777 856 990 
23 120 210 391 403 545 628 778 857 991 
24 121 211 392 404 546 629 779 858 992 
25 122 212 393 405 547 630 780 859 993 
26 123 213 394 406 548 631 781 860 994 
27 124 214 395 407 549 632 782 861 995 
28 125 215 396 408 550 633 783 862 996 
29 126 216 397 409 551 634 784 863 997 
30 127 217 398 410 552 635 785 864 998 
31 128 218 399 411 553 636 786 865 999 
32 129 219 400 412 554 637 787 866 1000 
33 130 220 301 413 555 638 788 867 901 
34 131 221 302 414 556 639 789 868 902 
35 132 222 303 415 557 640 790 869 903 
36 133 223 304 416 558 641 791 870 904 
37 134 224 305 417 559 642 792 871 905 
38 135 225 306 418 560 643 793 872 906 
39 136 226 307 419 561 644 794 873 907 
40 137 227 308 420 562 645 795 874 908 
41 138 228 309 421 563 646 796 875 909 
42 139 229 310 422 564 647 797 876 910 
43 140 230 311 423 565 648 798 877 911 
44 141 231 312 424 566 649 799 878 912 
45 142 232 313 425 567 650 800 879 913 
46 143 233 314 426 568 651 701 880 914 
47 144 234 315 427 569 652 702 881 915 
48 145 235 316 428 570 653 703 882 916 
49 146 236 317 429 571 654 704 883 917 
50 147 237 318 430 572 655 705 884 918 
51 148 238 319 431 573 656 706 885 919 
52 149 239 320 432 574 657 707 886 920 
53 150 240 321 433 575 658 708 887 921 
54 151 241 322 434 576 659 709 888 922 
55 152 242 323 435 577 660 710 889 923 
56 153 243 324 436 578 661 711 890 924 
57 154 244 325 437 579 662 712 891 925 
58 155 245 326 438 580 663 713 892 926 
