1200 600
4 8
4 4 4 4 4 4 4 4 4 4 4 4 4 4 4 4 4 4 4 4 4 4 4 4 4 4 4 4 4 4 4 4 4 4 4 4 4 4 4 4 4 4 4 4 4 4 4 4 4 4 4 4 4 4 4 4 4 4 4 4 4 4 4 4 4 4 4 4 4 4 4 4 4 4 4 4 4 4 4 4 4 4 4 4 4 4 4 4 4 4 4 4 4 4 4 4 4 4 4 4 4 4 4 4 4 4 4 4 4 4 4 4 4 4 4 4 4 4 4 4 4 4 4 4 4 4 4 4 4 4 4 4 4 4 4 4 4 4 4 4 4 4 4 4 4 4 4 4 4 4 4 4 4 4 4 4 4 4 4 4 4 4 4 4 4 4 4 4 4 4 4 4 4 4 4 4 4 4 4 4 4 4 4 4 4 4 4 4 4 4 4 4 4 4 4 4 4 4 4 4 4 4 4 4 4 4 4 4 4 4 4 4 4 4 4 4 4 4 4 4 4 4 4 4 4 4 4 4 4 4 4 4 4 4 4 4 4 4 4 4 4 4 4 4 4 4 4 4 4 4 4 4 4 4 4 4 4 4 4 4 4 4 4 4 4 4 4 4 4 4 4 4 4 4 4 4 4 4 4 4 4 4 4 4 4 4 4 4 4 4 4 4 4 4 4 4 4 4 4 4 4 4 4 4 4 4 4 4 4 4 4 4 4 4 4 4 4 4 4 4 4 4 4 4 4 4 4 4 4 4 4 4 4 4 4 4 4 4 4 4 4 4 4 4 4 4 4 4 4 4 4 4 4 4 4 4 4 4 4 4 4 4 4 4 4 4 4 4 4 4 4 4 4 4 4 4 4 4 4 4 4 4 4 4 4 4 4 4 4 4 4 4 4 4 4 4 4 4 4 4 4 4 4 4 4 4 4 4 4 4 4 4 4 4 4 4 4 4 4 4 4 4 4 4 4 4 4 4 4 4 4 4 4 4 4 4 4 4 4 4 4 4 4 4 4 4 4 4 4 4 4 4 4 4 4 4 4 4 4 4 4 4 4 4 4 4 4 4 4 4 4 4 4 4 4 4 4 4 4 4 4 4 4 4 4 4 4 4 4 4 4 4 4 4 4 4 4 4 4 4 4 4 4 4 4 4 4 4 4 4 4 4 4 4 4 4 4 4 4 4 4 4 4 4 4 4 4 4 4 4 4 4 4 4 4 4 4 4 4 4 4 4 4 4 4 4 4 4 4 4 4 4 4 4 4 4 4 4 4 4 4 4 4 4 4 4 4 4 4 4 4 4 4 4 4 4 4 4 4 4 4 4 4 4 4 4 4 4 4 4 4 4 4 4 4 4 4 4 4 4 4 4 4 4 4 4 4 4 4 4 4 4 4 4 4 4 4 4 4 4 4 4 4 4 4 4 4 4 4 4 4 4 4 4 4 4 4 4 4 4 4 4 4 4 4 4 4 4 4 4 4 4 4 4 4 4 4 4 4 4 4 4 4 4 4 4 4 4 4 4 4 4 4 4 4 4 4 4 4 4 4 4 4 4 4 4 4 4 4 4 4 4 4 4 4 4 4 4 4 4 4 4 4 4 4 4 4 4 4 4 4 4 4 4 4 4 4 4 4 4 4 4 4 4 4 4 4 4 4 4 4 4 4 4 4 4 4 4 4 4 4 4 4 4 4 4 4 4 4 4 4 4 4 4 4 4 4 4 4 4 4 4 4 4 4 4 4 4 4 4 4 4 4 4 4 4 4 4 4 4 4 4 4 4 4 4 4 4 4 4 4 4 4 4 4 4 4 4 4 4 4 4 4 4 4 4 4 4 4 4 4 4 4 4 4 4 4 4 4 4 4 4 4 4 4 4 4 4 4 4 4 4 4 4 4 4 4 4 4 4 4 4 4 4 4 4 4 4 4 4 4 4 4 4 4 4 4 4 4 4 4 4 4 4 4 4 4 4 4 4 4 4 4 4 4 4 4 4 4 4 4 4 4 4 4 4 4 4 4 4 4 4 4 4 4 4 4 4 4 4 4 4 4 4 4 4 4 4 4 4 4 4 4 4 4 4 4 4 4 4 4 4 4 4 4 4 4 4 4 4 4 4 4 4 4 4 4 4 4 4 4 4 4 4 4 4 4 4 4 4 4 4 4 4 4 4 4 4 4 4 4 4 4 4 4 4 4 4 4 4 4 4 4 4 4 4 4 4 4 4 4 4 4 4 4 4 4 4 4 4 4 4 4 4 4 4 4 4 4 4 4 4 4 4 4 4 4 4 4 4 4 4 4 4 4 4 4 4 4 4 4 4 4 4 4 4 4 4 4 4 4 4 4 4 4 4 4 4 4 4 4 4 4 4 4 4 4 4 4 4 4 4 4 4 4 4 4 4 4 4 4 4 4 4 4 4 4 4 4 4 4 4 4 4 4 4 4 4 4 4 4 4 4 4 4 4 4 4 4 4 4 4 4 4 4 4 4 4 4 4 4 4 4 4 4 4 4 4 4 4 4 4 4 4 4 4 4 4 4 4 4 4 4 4 4 4 4 4 4 4 4 4 4 4 4 4 4 4 4 4 4 4 4 4 4 4 4 4 4 4 4 4 4 4 4 4 4 4 4 4 4 4 4 4 4 4 4 4 4 4 4 4 4 4 4 4 4 4 4 4 4 4 4 4 4 4 4 4 4 4 4 4 4 4 4 4 4 4 4 4 
8 8 8 8 8 8 8 8 8 8 8 8 8 8 8 8 8 8 8 8 8 8 8 8 8 8 8 8 8 8 8 8 8 8 8 8 8 8 8 8 8 8 8 8 8 8 8 8 8 8 8 8 8 8 8 8 8 8 8 8 8 8 8 8 8 8 8 8 8 8 8 8 8 8 8 8 8 8 8 8 8 8 8 8 8 8 8 8 8 8 8 8 8 8 8 8 8 8 8 8 8 8 8 8 8 8 8 8 8 8 8 8 8 8 8 8 8 8 8 8 8 8 8 8 8 8 8 8 8 8 8 8 8 8 8 8 8 8 8 8 8 8 8 8 8 8 8 8 8 8 8 8 8 8 8 8 8 8 8 8 8 8 8 8 8 8 8 8 8 8 8 8 8 8 8 8 8 8 8 8 8 8 8 8 8 8 8 8 8 8 8 8 8 8 8 8 8 8 8 8 8 8 8 8 8 8 8 8 8 8 8 8 8 8 8 8 8 8 8 8 8 8 8 8 8 8 8 8 8 8 8 8 8 8 8 8 8 8 8 8 8 8 8 8 8 8 8 8 8 8 8 8 8 8 8 8 8 8 8 8 8 8 8 8 8 8 8 8 8 8 8 8 8 8 8 8 8 8 8 8 8 8 8 8 8 8 8 8 8 8 8 8 8 8 8 8 8 8 8 8 8 8 8 8 8 8 8 8 8 8 8 8 8 8 8 8 8 8 8 8 8 8 8 8 8 8 8 8 8 8 8 8 8 8 8 8 8 8 8 8 8 8 8 8 8 8 8 8 8 8 8 8 8 8 8 8 8 8 8 8 8 8 8 8 8 8 8 8 8 8 8 8 8 8 8 8 8 8 8 8 8 8 8 8 8 8 8 8 8 8 8 8 8 8 8 8 8 8 8 8 8 8 8 8 8 8 8 8 8 8 8 8 8 8 8 8 8 8 8 8 8 8 8 8 8 8 8 8 8 8 8 8 8 8 8 8 8 8 8 8 8 8 8 8 8 8 8 8 8 8 8 8 8 8 8 8 8 8 8 8 8 8 8 8 8 8 8 8 8 8 8 8 8 8 8 8 8 8 8 8 8 8 8 8 8 8 8 8 8 8 8 8 8 8 8 8 8 8 8 8 8 8 8 8 8 8 8 8 8 8 8 8 8 8 8 8 8 8 8 8 8 8 8 8 8 8 8 8 8 8 8 8 8 8 8 8 8 8 8 8 8 8 8 8 8 8 8 8 8 8 8 8 8 8 8 8 8 8 8 8 8 8 8 8 8 8 8 8 8 8 8 8 8 8 8 8 8 8 8 8 8 8 8 8 8 8 8 8 8 8 8 8 8 8 8 8 8 8 8 8 
1 151 301 451 
2 152 302 452 
3 153 303 453 
4 154 304 454 
5 155 305 455 
6 156 306 456 
7 157 307 457 
8 158 308 458 
9 159 309 459 
10 160 310 460 
11 161 311 461 
12 162 312 462 
13 163 313 463 
14 164 314 464 
15 165 315 465 
16 166 316 466 
17 167 317 467 
18 168 318 468 
19 169 319 469 
20 170 320 470 
21 171 321 471 
22 172 322 472 
23 173 323 473 
24 174 324 474 
25 175 325 475 
26 176 326 476 
27 177 327 477 
28 178 328 478 
29 179 329 479 
30 180 330 480 
31 181 331 481 
32 182 332 482 
33 183 333 483 
34 184 334 484 
35 185 335 485 
36 186 336 486 
37 187 337 487 
38 188 338 488 
39 189 339 489 
40 190 340 490 
41 191 341 491 
42 192 342 492 
43 193 343 493 
44 194 344 494 
45 195 345 495 
46 196 346 496 
47 197 347 497 
48 198 348 498 
49 199 349 499 
50 200 350 500 
51 201 351 501 
52 202 352 502 
53 203 353 503 
54 204 354 504 
55 205 355 505 
56 206 356 506 
57 207 357 507 
58 208 358 508 
59 209 359 509 
60 210 360 510 
61 211 361 511 
62 212 362 512 
63 213 363 513 
64 214 364 514 
65 215 365 515 
66 216 366 516 
67 217 367 517 
68 218 368 518 
69 219 369 519 
70 220 370 520 
71 221 371 521 
72 222 372 522 
73 223 373 523 
74 224 374 524 
75 225 375 525 
76 226 376 526 
77 227 377 527 
78 228 378 528 
79 229 379 529 
80 230 380 530 
81 231 381 531 
82 232 382 532 
83 233 383 533 
84 234 384 534 
85 235 385 535 
86 236 386 536 
87 237 387 537 
88 238 388 538 
89 239 389 539 
90 240 390 540 
91 241 391 541 
92 242 392 542 
93 243 393 543 
94 244 394 544 
95 245 395 545 
96 246 396 546 
97 247 397 547 
98 248 398 548 
99 249 399 549 
100 250 400 550 
101 251 401 551 
102 252 402 552 
103 253 403 553 
104 254 404 554 
105 255 405 555 
106 256 406 556 
107 257 407 557 
108 258 408 558 
109 259 409 559 
110 260 410 560 
111 261 411 561 
112 262 412 562 
113 263 413 563 
114 264 414 564 
115 265 415 565 
116 266 416 566 
117 267 417 567 
118 268 418 568 
119 269 419 569 
120 270 420 570 
121 271 421 571 
122 272 422 572 
123 273 423 573 
124 274 424 574 
125 275 425 575 
126 276 426 576 
127 277 427 577 
128 278 428 578 
129 279 429 579 
130 280 430 580 
131 281 431 581 
132 282 432 582 
133 283 433 583 
134 284 434 584 
135 285 435 585 
136 286 436 586 
137 287 437 587 
138 288 438 588 
139 289 439 589 
140 290 440 590 
141 291 441 591 
142 292 442 592 
143 293 443 593 
144 294 444 594 
145 295 445 595 
146 296 446 596 
147 297 447 597 
148 298 448 598 
149 299 449 599 
150 300 450 600 
1 281 397 527 
2 282 398 528 
3 283 399 529 
4 284 400 530 
5 285 401 531 
6 286 402 532 
7 287 403 533 
8 288 404 534 
9 289 405 535 
10 290 406 536 
11 291 407 537 
12 292 408 538 
13 293 409 539 
14 294 410 540 
15 295 411 541 
16 296 412 542 
17 297 413 543 
18 298 414 544 
19 299 415 545 
20 300 416 546 
21 151 417 547 
22 152 418 548 
23 153 419 549 
24 154 420 550 
25 155 421 551 
26 156 422 552 
27 157 423 553 
28 158 424 554 
29 159 425 555 
30 160 426 556 
31 161 427 557 
32 162 428 558 
33 163 429 559 
34 164 430 560 
35 165 431 561 
36 166 432 562 
37 167 433 563 
38 168 434 564 
39 169 435 565 
40 170 436 566 
41 171 437 567 
42 172 438 568 
43 173 439 569 
44 174 440 570 
45 175 441 571 
46 176 442 572 
47 177 443 573 
48 178 444 574 
49 179 445 575 
50 180 446 576 
51 181 447 577 
52 182 448 578 
53 183 449 579 
54 184 450 580 
55 185 301 581 
56 186 302 582 
57 187 303 583 
58 188 304 584 
59 189 305 585 
60 190 306 586 
61 191 307 587 
62 192 308 588 
63 193 309 589 
64 194 310 590 
65 195 311 591 
66 196 312 592 
67 197 313 593 
68 198 314 594 
69 199 315 595 
70 200 316 596 
71 201 317 597 
72 202 318 598 
73 203 319 599 
74 204 320 600 
75 205 321 451 
76 206 322 452 
77 207 323 453 
78 208 324 454 
79 209 325 455 
80 210 326 456 
81 211 327 457 
82 212 328 458 
83 213 329 459 
84 214 330 460 
85 215 331 461 
86 216 332 462 
87 217 333 463 
88 218 334 464 
89 219 335 465 
90 220 336 466 
91 221 337 467 
92 222 338 468 
93 223 339 469 
94 224 340 470 
95 225 341 471 
96 226 342 472 
97 227 343 473 
98 228 344 474 
99 229 345 475 
100 230 346 476 
101 231 347 477 
102 232 348 478 
103 233 349 479 
104 234 350 480 
105 235 351 481 
106 236 352 482 
107 237 353 483 
108 238 354 484 
109 239 355 485 
110 240 356 486 
111 241 357 487 
112 242 358 488 
113 243 359 489 
114 244 360 490 
115 245 361 491 
116 246 362 492 
117 247 363 493 
118 248 364 494 
119 249 365 495 
120 250 366 496 
121 251 367 497 
122 252 368 498 
123 253 369 499 
124 254 370 500 
125 255 371 501 
126 256 372 502 
127 257 373 503 
128 258 374 504 
129 259 375 505 
130 260 376 506 
131 261 377 507 
132 262 378 508 
133 263 379 509 
134 264 380 510 
135 265 381 511 
136 266 382 512 
137 267 383 513 
138 268 384 514 
139 269 385 515 
140 270 386 516 
141 271 387 517 
142 272 388 518 
143 273 389 519 
144 274 390 520 
145 275 391 521 
146 276 392 522 
147 277 393 523 
148 278 394 524 
149 279 395 525 
150 280 396 526 
1 277 392 518 
2 278 393 519 
3 279 394 520 
4 280 395 521 
5 281 396 522 
6 282 397 523 
7 283 398 524 
8 284 399 525 
9 285 400 526 
10 286 401 527 
11 287 402 528 
12 288 403 529 
13 289 404 530 
14 290 405 531 
15 291 406 532 
16 292 407 533 
17 293 408 534 
18 294 409 535 
19 295 410 536 
20 296 411 537 
21 297 412 538 
22 298 413 539 
23 299 414 540 
24 300 415 541 
25 151 416 542 
26 152 417 543 
27 153 418 544 
28 154 419 545 
29 155 420 546 
30 156 421 547 
31 157 422 548 
32 158 423 549 
33 159 424 550 
34 160 425 551 
35 161 426 552 
36 162 427 553 
37 163 428 554 
38 164 429 555 
39 165 430 556 
40 166 431 557 
41 167 432 558 
42 168 433 559 
43 169 434 560 
44 170 435 561 
45 171 436 562 
46 172 437 563 
47 173 438 564 
48 174 439 565 
49 175 440 566 
50 176 441 567 
51 177 442 568 
52 178 443 569 
53 179 444 570 
54 180 445 571 
55 181 446 572 
56 182 447 573 
57 183 448 574 
58 184 449 575 
59 185 450 576 
60 186 301 577 
61 187 302 578 
62 188 303 579 
63 189 304 580 
64 190 305 581 
65 191 306 582 
66 192 307 583 
67 193 308 584 
68 194 309 585 
69 195 310 586 
70 196 311 587 
71 197 312 588 
72 198 313 589 
73 199 314 590 
74 200 315 591 
75 201 316 592 
76 202 317 593 
77 203 318 594 
78 204 319 595 
79 205 320 596 
80 206 321 597 
81 207 322 598 
82 208 323 599 
83 209 324 600 
84 210 325 451 
85 211 326 452 
86 212 327 453 
87 213 328 454 
88 214 329 455 
89 215 330 456 
90 216 331 457 
91 217 332 458 
92 218 333 459 
93 219 334 460 
94 220 335 461 
95 221 336 462 
96 222 337 463 
97 223 338 464 
98 224 339 465 
99 225 340 466 
100 226 341 467 
101 227 342 468 
102 228 343 469 
103 229 344 470 
104 230 345 471 
105 231 346 472 
106 232 347 473 
107 233 348 474 
108 234 349 475 
109 235 350 476 
110 236 351 477 
111 237 352 478 
112 238 353 479 
113 239 354 480 
114 240 355 481 
115 241 356 482 
116 242 357 483 
117 243 358 484 
118 244 359 485 
119 245 360 486 
120 246 361 487 
121 247 362 488 
122 248 363 489 
123 249 364 490 
124 250 365 491 
125 251 366 492 
126 252 367 493 
127 253 368 494 
128 254 369 495 
129 255 370 496 
130 256 371 497 
131 257 372 498 
132 258 373 499 
133 259 374 500 
134 260 375 501 
135 261 376 502 
136 262 377 503 
137 263 378 504 
138 264 379 505 
139 265 380 506 
140 266 381 507 
141 267 382 508 
142 268 383 509 
143 269 384 510 
144 270 385 511 
145 271 386 512 
146 272 387 513 
147 273 388 514 
148 274 389 515 
149 275 390 516 
150 276 391 517 
1 248 358 455 
2 249 359 456 
3 250 360 457 
4 251 361 458 
5 252 362 459 
6 253 363 460 
7 254 364 461 
8 255 365 462 
9 256 366 463 
10 257 367 464 
11 258 368 465 
12 259 369 466 
13 260 370 467 
14 261 371 468 
15 262 372 469 
16 263 373 470 
17 264 374 471 
18 265 375 472 
19 266 376 473 
20 267 377 474 
21 268 378 475 
22 269 379 476 
23 270 380 477 
24 271 381 478 
25 272 382 479 
26 273 383 480 
27 274 384 481 
28 275 385 482 
29 276 386 483 
30 277 387 484 
31 278 388 485 
32 279 389 486 
33 280 390 487 
34 281 391 488 
35 282 392 489 
36 283 393 490 
37 284 394 491 
38 285 395 492 
39 286 396 493 
40 287 397 494 
41 288 398 495 
42 289 399 496 
43 290 400 497 
44 291 401 498 
45 292 402 499 
46 293 403 500 
47 294 404 501 
48 295 405 502 
49 296 406 503 
50 297 407 504 
51 298 408 505 
52 299 409 506 
53 300 410 507 
54 151 411 508 
55 152 412 509 
56 153 413 510 
57 154 414 511 
58 155 415 512 
59 156 416 513 
60 157 417 514 
61 158 418 515 
62 159 419 516 
63 160 420 517 
64 161 421 518 
65 162 422 519 
66 163 423 520 
67 164 424 521 
68 165 425 522 
69 166 426 523 
70 167 427 524 
71 168 428 525 
72 169 429 526 
73 170 430 527 
74 171 431 528 
75 172 432 529 
76 173 433 530 
77 174 434 531 
78 175 435 532 
79 176 436 533 
80 177 437 534 
81 178 438 535 
82 179 439 536 
83 180 440 537 
84 181 441 538 
85 182 442 539 
86 183 443 540 
87 184 444 541 
88 185 445 542 
89 186 446 543 
90 187 447 544 
91 188 448 545 
92 189 449 546 
93 190 450 547 
94 191 301 548 
95 192 302 549 
96 193 303 550 
97 194 304 551 
98 195 305 552 
99 196 306 553 
100 197 307 554 
101 198 308 555 
102 199 309 556 
103 200 310 557 
104 201 311 558 
105 202 312 559 
106 203 313 560 
107 204 314 561 
108 205 315 562 
109 206 316 563 
110 207 317 564 
111 208 318 565 
112 209 319 566 
113 210 320 567 
114 211 321 568 
115 212 322 569 
116 213 323 570 
117 214 324 571 
118 215 325 572 
119 216 326 573 
120 217 327 574 
121 218 328 575 
122 219 329 576 
123 220 330 577 
124 221 331 578 
125 222 332 579 
126 223 333 580 
127 224 334 581 
128 225 335 582 
129 226 336 583 
130 227 337 584 
131 228 338 585 
132 229 339 586 
133 230 340 587 
134 231 341 588 
135 232 342 589 
136 233 343 590 
137 234 344 591 
138 235 345 592 
139 236 346 593 
140 237 347 594 
141 238 348 595 
142 239 349 596 
143 240 350 597 
144 241 351 598 
145 242 352 599 
146 243 353 600 
147 244 354 451 
148 245 355 452 
149 246 356 453 
150 247 357 454 
1 230 317 546 
2 231 318 547 
3 232 319 548 
4 233 320 549 
5 234 321 550 
6 235 322 551 
7 236 323 552 
8 237 324 553 
9 238 325 554 
10 239 326 555 
11 240 327 556 
12 241 328 557 
13 242 329 558 
14 243 330 559 
15 244 331 560 
16 245 332 561 
17 246 333 562 
18 247 334 563 
19 248 335 564 
20 249 336 565 
21 250 337 566 
22 251 338 567 
23 252 339 568 
24 253 340 569 
25 254 341 570 
26 255 342 571 
27 256 343 572 
28 257 344 573 
29 258 345 574 
30 259 346 575 
31 260 347 576 
32 261 348 577 
33 262 349 578 
34 263 350 579 
35 264 351 580 
36 265 352 581 
37 266 353 582 
38 267 354 583 
39 268 355 584 
40 269 356 585 
41 270 357 586 
42 271 358 587 
43 272 359 588 
44 273 360 589 
45 274 361 590 
46 275 362 591 
47 276 363 592 
48 277 364 593 
49 278 365 594 
50 279 366 595 
51 280 367 596 
52 281 368 597 
53 282 369 598 
54 283 370 599 
55 284 371 600 
56 285 372 451 
57 286 373 452 
58 287 374 453 
59 288 375 454 
60 289 376 455 
61 290 377 456 
62 291 378 457 
63 292 379 458 
64 293 380 459 
65 294 381 460 
66 295 382 461 
67 296 383 462 
68 297 384 463 
69 298 385 464 
70 299 386 465 
71 300 387 466 
72 151 388 467 
73 152 389 468 
74 153 390 469 
75 154 391 470 
76 155 392 471 
77 156 393 472 
78 157 394 473 
79 158 395 474 
80 159 396 475 
81 160 397 476 
82 161 398 477 
83 162 399 478 
84 163 400 479 
85 164 401 480 
86 165 402 481 
87 166 403 482 
88 167 404 483 
89 168 405 484 
90 169 406 485 
91 170 407 486 
92 171 408 487 
93 172 409 488 
94 173 410 489 
95 174 411 490 
96 175 412 491 
97 176 413 492 
98 177 414 493 
99 178 415 494 
100 179 416 495 
101 180 417 496 
102 181 418 497 
103 182 419 498 
104 183 420 499 
105 184 421 500 
106 185 422 501 
107 186 423 502 
108 187 424 503 
109 188 425 504 
110 189 426 505 
111 190 427 506 
112 191 428 507 
113 192 429 508 
114 193 430 509 
115 194 431 510 
116 195 432 511 
117 196 433 512 
118 197 434 513 
119 198 435 514 
120 199 436 515 
121 200 437 516 
122 201 438 517 
123 202 439 518 
124 203 440 519 
125 204 441 520 
126 205 442 521 
127 206 443 522 
128 207 444 523 
129 208 445 524 
130 209 446 525 
131 210 447 526 
132 211 448 527 
133 212 449 528 
134 213 450 529 
135 214 301 530 
136 215 302 531 
137 216 303 532 
138 217 304 533 
139 218 305 534 
140 219 306 535 
141 220 307 536 
142 221 308 537 
143 222 309 538 
144 223 310 539 
145 224 311 540 
146 225 312 541 
147 226 313 542 
148 227 314 543 
149 228 315 544 
150 229 316 545 
1 213 316 528 
2 214 317 529 
3 215 318 530 
4 216 319 531 
5 217 320 532 
6 218 321 533 
7 219 322 534 
8 220 323 535 
9 221 324 536 
10 222 325 537 
11 223 326 538 
12 224 327 539 
13 225 328 540 
14 226 329 541 
15 227 330 542 
16 228 331 543 
17 229 332 544 
18 230 333 545 
19 231 334 546 
20 232 335 547 
21 233 336 548 
22 234 337 549 
23 235 338 550 
24 236 339 551 
25 237 340 552 
26 238 341 553 
27 239 342 554 
28 240 343 555 
29 241 344 556 
30 242 345 557 
31 243 346 558 
32 244 347 559 
33 245 348 560 
34 246 349 561 
35 247 350 562 
36 248 351 563 
37 249 352 564 
38 250 353 565 
39 251 354 566 
40 252 355 567 
41 253 356 568 
42 254 357 569 
43 255 358 570 
44 256 359 571 
45 257 360 572 
46 258 361 573 
47 259 362 574 
48 260 363 575 
49 261 364 576 
50 262 365 577 
51 263 366 578 
52 264 367 579 
53 265 368 580 
54 266 369 581 
55 267 370 582 
56 268 371 583 
57 269 372 584 
58 270 373 585 
59 271 374 586 
60 272 375 587 
61 273 376 588 
62 274 377 589 
63 275 378 590 
64 276 379 591 
65 277 380 592 
66 278 381 593 
67 279 382 594 
68 280 383 595 
69 281 384 596 
70 282 385 597 
71 283 386 598 
72 284 387 599 
73 285 388 600 
74 286 389 451 
75 287 390 452 
76 288 391 453 
77 289 392 454 
78 290 393 455 
79 291 394 456 
80 292 395 457 
81 293 396 458 
82 294 397 459 
83 295 398 460 
84 296 399 461 
85 297 400 462 
86 298 401 463 
87 299 402 464 
88 300 403 465 
89 151 404 466 
90 152 405 467 
91 153 406 468 
92 154 407 469 
93 155 408 470 
94 156 409 471 
95 157 410 472 
96 158 411 473 
97 159 412 474 
98 160 413 475 
99 161 414 476 
100 162 415 477 
101 163 416 478 
102 164 417 479 
103 165 418 480 
104 166 419 481 
105 167 420 482 
106 168 421 483 
107 169 422 484 
108 170 423 485 
109 171 424 486 
110 172 425 487 
111 173 426 488 
112 174 427 489 
113 175 428 490 
114 176 429 491 
115 177 430 492 
116 178 431 493 
117 179 432 494 
118 180 433 495 
119 181 434 496 
120 182 435 497 
121 183 436 498 
122 184 437 499 
123 185 438 500 
124 186 439 501 
125 187 440 502 
126 188 441 503 
127 189 442 504 
128 190 443 505 
129 191 444 506 
130 192 445 507 
131 193 446 508 
132 194 447 509 
133 195 448 510 
134 196 449 511 
135 197 450 512 
136 198 301 513 
137 199 302 514 
138 200 303 515 
139 201 304 516 
140 202 305 517 
141 203 306 518 
142 204 307 519 
143 205 308 520 
144 206 309 521 
145 207 310 522 
146 208 311 523 
147 209 312 524 
148 210 313 525 
149 211 314 526 
150 212 315 527 
1 199 314 512 
2 200 315 513 
3 201 316 514 
4 202 317 515 
5 203 318 516 
6 204 319 517 
7 205 320 518 
8 206 321 519 
9 207 322 520 
10 208 323 521 
11 209 324 522 
12 210 325 523 
13 211 326 524 
14 212 327 525 
15 213 328 526 
16 214 329 527 
17 215 330 528 
18 216 331 529 
19 217 332 530 
20 218 333 531 
21 219 334 532 
22 220 335 533 
23 221 336 534 
24 222 337 535 
25 223 338 536 
26 224 339 537 
27 225 340 538 
28 226 341 539 
29 227 342 540 
30 228 343 541 
31 229 344 542 
32 230 345 543 
33 231 346 544 
34 232 347 545 
35 233 348 546 
36 234 349 547 
37 235 350 548 
38 236 351 549 
39 237 352 550 
40 238 353 551 
41 239 354 552 
42 240 355 553 
43 241 356 554 
44 242 357 555 
45 243 358 556 
46 244 359 557 
47 245 360 558 
48 246 361 559 
49 247 362 560 
50 248 363 561 
51 249 364 562 
52 250 365 563 
53 251 366 564 
54 252 367 565 
55 253 368 566 
56 254 369 567 
57 255 370 568 
58 256 371 569 
59 257 372 570 
60 258 373 571 
61 259 374 572 
62 260 375 573 
63 261 376 574 
64 262 377 575 
65 263 378 576 
66 264 379 577 
67 265 380 578 
68 266 381 579 
69 267 382 580 
70 268 383 581 
71 269 384 582 
72 270 385 583 
73 271 386 584 
74 272 387 585 
75 273 388 586 
76 274 389 587 
77 275 390 588 
78 276 391 589 
79 277 392 590 
80 278 393 591 
81 279 394 592 
82 280 395 593 
83 281 396 594 
84 282 397 595 
85 283 398 596 
86 284 399 597 
87 285 400 598 
88 286 401 599 
89 287 402 600 
90 288 403 451 
91 289 404 452 
92 290 405 453 
93 291 406 454 
94 292 407 455 
95 293 408 456 
96 294 409 457 
97 295 410 458 
98 296 411 459 
99 297 412 460 
100 298 413 461 
101 299 414 462 
102 300 415 463 
103 151 416 464 
104 152 417 465 
105 153 418 466 
106 154 419 467 
107 155 420 468 
108 156 421 469 
109 157 422 470 
110 158 423 471 
111 159 424 472 
112 160 425 473 
113 161 426 474 
114 162 427 475 
115 163 428 476 
116 164 429 477 
117 165 430 478 
118 166 431 479 
119 167 432 480 
120 168 433 481 
121 169 434 482 
122 170 435 483 
123 171 436 484 
124 172 437 485 
125 173 438 486 
126 174 439 487 
127 175 440 488 
128 176 441 489 
129 177 442 490 
130 178 443 491 
131 179 444 492 
132 180 445 493 
133 181 446 494 
134 182 447 495 
135 183 448 496 
136 184 449 497 
137 185 450 498 
138 186 301 499 
139 187 302 500 
140 188 303 501 
141 189 304 502 
142 190 305 503 
143 191 306 504 
144 192 307 505 
145 193 308 506 
146 194 309 507 
147 195 310 508 
148 196 311 509 
149 197 312 510 
150 198 313 511 
1 153 308 460 
2 154 309 461 
3 155 310 462 
4 156 311 463 
5 157 312 464 
6 158 313 465 
7 159 314 466 
8 160 315 467 
9 161 316 468 
10 162 317 469 
11 163 318 470 
12 164 319 471 
13 165 320 472 
14 166 321 473 
15 167 322 474 
16 168 323 475 
17 169 324 476 
18 170 325 477 
19 171 326 478 
20 172 327 479 
21 173 328 480 
22 174 329 481 
23 175 330 482 
24 176 331 483 
25 177 332 484 
26 178 333 485 
27 179 334 486 
28 180 335 487 
29 181 336 488 
30 182 337 489 
31 183 338 490 
32 184 339 491 
33 185 340 492 
34 186 341 493 
35 187 342 494 
36 188 343 495 
37 189 344 496 
38 190 345 497 
39 191 346 498 
40 192 347 499 
41 193 348 500 
42 194 349 501 
43 195 350 502 
44 196 351 503 
45 197 352 504 
46 198 353 505 
47 199 354 506 
48 200 355 507 
49 201 356 508 
50 202 357 509 
51 203 358 510 
52 204 359 511 
53 205 360 512 
54 206 361 513 
55 207 362 514 
56 208 363 515 
57 209 364 516 
58 210 365 517 
59 211 366 518 
60 212 367 519 
61 213 368 520 
62 214 369 521 
63 215 370 522 
64 216 371 523 
65 217 372 524 
66 218 373 525 
67 219 374 526 
68 220 375 527 
69 221 376 528 
70 222 377 529 
71 223 378 530 
72 224 379 531 
73 225 380 532 
74 226 381 533 
75 227 382 534 
76 228 383 535 
77 229 384 536 
78 230 385 537 
79 231 386 538 
80 232 387 539 
81 233 388 540 
82 234 389 541 
83 235 390 542 
84 236 391 543 
85 237 392 544 
86 238 393 545 
87 239 394 546 
88 240 395 547 
89 241 396 548 
90 242 397 549 
91 243 398 550 
92 244 399 551 
93 245 400 552 
94 246 401 553 
95 247 402 554 
96 248 403 555 
97 249 404 556 
98 250 405 557 
99 251 406 558 
100 252 407 559 
101 253 408 560 
102 254 409 561 
103 255 410 562 
104 256 411 563 
105 257 412 564 
106 258 413 565 
107 259 414 566 
108 260 415 567 
109 261 416 568 
110 262 417 569 
111 263 418 570 
112 264 419 571 
113 265 420 572 
114 266 421 573 
115 267 422 574 
116 268 423 575 
117 269 424 576 
118 270 425 577 
119 271 426 578 
120 272 427 579 
121 273 428 580 
122 274 429 581 
123 275 430 582 
124 276 431 583 
125 277 432 584 
126 278 433 585 
127 279 434 586 
128 280 435 587 
129 281 436 588 
130 282 437 589 
131 283 438 590 
132 284 439 591 
133 285 440 592 
134 286 441 593 
135 287 442 594 
136 288 443 595 
137 289 444 596 
138 290 445 597 
139 291 446 598 
140 292 447 599 
141 293 448 600 
142 294 449 451 
143 295 450 452 
144 296 301 453 
145 297 302 454 
146 298 303 455 
147 299 304 456 
148 300 305 457 
149 151 306 458 
150 152 307 459 
1 151 301 451 601 751 901 1051 
2 152 302 452 602 752 902 1052 
3 153 303 453 603 753 903 1053 
4 154 304 454 604 754 904 1054 
5 155 305 455 605 755 905 1055 
6 156 306 456 606 756 906 1056 
7 157 307 457 607 757 907 1057 
8 158 308 458 608 758 908 1058 
9 159 309 459 609 759 909 1059 
10 160 310 460 610 760 910 1060 
11 161 311 461 611 761 911 1061 
12 162 312 462 612 762 912 1062 
13 163 313 463 613 763 913 1063 
14 164 314 464 614 764 914 1064 
15 165 315 465 615 765 915 1065 
16 166 316 466 616 766 916 1066 
17 167 317 467 617 767 917 1067 
18 168 318 468 618 768 918 1068 
19 169 319 469 619 769 919 1069 
20 170 320 470 620 770 920 1070 
21 171 321 471 621 771 921 1071 
22 172 322 472 622 772 922 1072 
23 173 323 473 623 773 923 1073 
24 174 324 474 624 774 924 1074 
25 175 325 475 625 775 925 1075 
26 176 326 476 626 776 926 1076 
27 177 327 477 627 777 927 1077 
28 178 328 478 628 778 928 1078 
29 179 329 479 629 779 929 1079 
30 180 330 480 630 780 930 1080 
31 181 331 481 631 781 931 1081 
32 182 332 482 632 782 932 1082 
33 183 333 483 633 783 933 1083 
34 184 334 484 634 784 934 1084 
35 185 335 485 635 785 935 1085 
36 186 336 486 636 786 936 1086 
37 187 337 487 637 787 937 1087 
38 188 338 488 638 788 938 1088 
39 189 339 489 639 789 939 1089 
40 190 340 490 640 790 940 1090 
41 191 341 491 641 791 941 1091 
42 192 342 492 642 792 942 1092 
43 193 343 493 643 793 943 1093 
44 194 344 494 644 794 944 1094 
45 195 345 495 645 795 945 1095 
46 196 346 496 646 796 946 1096 
47 197 347 497 647 797 947 1097 
48 198 348 498 648 798 948 1098 
49 199 349 499 649 799 949 1099 
50 200 350 500 650 800 950 1100 
51 201 351 501 651 801 951 1101 
52 202 352 502 652 802 952 1102 
53 203 353 503 653 803 953 1103 
54 204 354 504 654 804 954 1104 
55 205 355 505 655 805 955 1105 
56 206 356 506 656 806 956 1106 
57 207 357 507 657 807 957 1107 
58 208 358 508 658 808 958 1108 
59 209 359 509 659 809 959 1109 
60 210 360 510 660 810 960 1110 
61 211 361 511 661 811 961 1111 
62 212 362 512 662 812 962 1112 
63 213 363 513 663 813 963 1113 
64 214 364 514 664 814 964 1114 
65 215 365 515 665 815 965 1115 
66 216 366 516 666 816 966 1116 
67 217 367 517 667 817 967 1117 
68 218 368 518 668 818 968 1118 
69 219 369 519 669 819 969 1119 
70 220 370 520 670 820 970 1120 
71 221 371 521 671 821 971 1121 
72 222 372 522 672 822 972 1122 
73 223 373 523 673 823 973 1123 
74 224 374 524 674 824 974 1124 
75 225 375 525 675 825 975 1125 
76 226 376 526 676 826 976 1126 
77 227 377 527 677 827 977 1127 
78 228 378 528 678 828 978 1128 
79 229 379 529 679 829 979 1129 
80 230 380 530 680 830 980 1130 
81 231 381 531 681 831 981 1131 
82 232 382 532 682 832 982 1132 
83 233 383 533 683 833 983 1133 
84 234 384 534 684 834 984 1134 
85 235 385 535 685 835 985 1135 
86 236 386 536 686 836 986 1136 
87 237 387 537 687 837 987 1137 
88 238 388 538 688 838 988 1138 
89 239 389 539 689 839 989 1139 
90 240 390 540 690 840 990 1140 
91 241 391 541 691 841 991 1141 
92 242 392 542 692 842 992 1142 
93 243 393 543 693 843 993 1143 
94 244 394 544 694 844 994 1144 
95 245 395 545 695 845 995 1145 
96 246 396 546 696 846 996 1146 
97 247 397 547 697 847 997 1147 
98 248 398 548 698 848 998 1148 
99 249 399 549 699 849 999 1149 
100 250 400 550 700 850 1000 1150 
101 251 401 551 701 851 1001 1151 
102 252 402 552 702 852 1002 1152 
103 253 403 553 703 853 1003 1153 
104 254 404 554 704 854 1004 1154 
105 255 405 555 705 855 1005 1155 
106 256 406 556 706 856 1006 1156 
107 257 407 557 707 857 1007 1157 
108 258 408 558 708 858 1008 1158 
109 259 409 559 709 859 1009 1159 
110 260 410 560 710 860 1010 1160 
111 261 411 561 711 861 1011 1161 
112 262 412 562 712 862 1012 1162 
113 263 413 563 713 863 1013 1163 
114 264 414 564 714 864 1014 1164 
115 265 415 565 715 865 1015 1165 
116 266 416 566 716 866 1016 1166 
117 267 417 567 717 867 1017 1167 
118 268 418 568 718 868 1018 1168 
119 269 419 569 719 869 1019 1169 
120 270 420 570 720 870 1020 1170 
121 271 421 571 721 871 1021 1171 
122 272 422 572 722 872 1022 1172 
123 273 423 573 723 873 1023 1173 
124 274 424 574 724 874 1024 1174 
125 275 425 575 725 875 1025 1175 
126 276 426 576 726 876 1026 1176 
127 277 427 577 727 877 1027 1177 
128 278 428 578 728 878 1028 1178 
129 279 429 579 729 879 1029 1179 
130 280 430 580 730 880 1030 1180 
131 281 431 581 731 881 1031 1181 
132 282 432 582 732 882 1032 1182 
133 283 433 583 733 883 1033 1183 
134 284 434 584 734 884 1034 1184 
135 285 435 585 735 885 1035 1185 
136 286 436 586 736 886 1036 1186 
137 287 437 587 737 887 1037 1187 
138 288 438 588 738 888 1038 1188 
139 289 439 589 739 889 1039 1189 
140 290 440 590 740 890 1040 1190 
141 291 441 591 741 891 1041 1191 
142 292 442 592 742 892 1042 1192 
143 293 443 593 743 893 1043 1193 
144 294 444 594 744 894 1044 1194 
145 295 445 595 745 895 1045 1195 
146 296 446 596 746 896 1046 1196 
147 297 447 597 747 897 1047 1197 
148 298 448 598 748 898 1048 1198 
149 299 449 599 749 899 1049 1199 
150 300 450 600 750 900 1050 1200 
1 171 325 504 672 839 1003 1199 
2 172 326 505 673 840 1004 1200 
3 173 327 506 674 841 1005 1051 
4 174 328 507 675 842 1006 1052 
5 175 329 508 676 843 1007 1053 
6 176 330 509 677 844 1008 1054 
7 177 331 510 678 845 1009 1055 
8 178 332 511 679 846 1010 1056 
9 179 333 512 680 847 1011 1057 
10 180 334 513 681 848 1012 1058 
11 181 335 514 682 849 1013 1059 
12 182 336 515 683 850 1014 1060 
13 183 337 516 684 851 1015 1061 
14 184 338 517 685 852 1016 1062 
15 185 339 518 686 853 1017 1063 
16 186 340 519 687 854 1018 1064 
17 187 341 520 688 855 1019 1065 
18 188 342 521 689 856 1020 1066 
19 189 343 522 690 857 1021 1067 
20 190 344 523 691 858 1022 1068 
21 191 345 524 692 859 1023 1069 
22 192 346 525 693 860 1024 1070 
23 193 347 526 694 861 1025 1071 
24 194 348 527 695 862 1026 1072 
25 195 349 528 696 863 1027 1073 
26 196 350 529 697 864 1028 1074 
27 197 351 530 698 865 1029 1075 
28 198 352 531 699 866 1030 1076 
29 199 353 532 700 867 1031 1077 
30 200 354 533 701 868 1032 1078 
31 201 355 534 702 869 1033 1079 
32 202 356 535 703 870 1034 1080 
33 203 357 536 704 871 1035 1081 
34 204 358 537 705 872 1036 1082 
35 205 359 538 706 873 1037 1083 
36 206 360 539 707 874 1038 1084 
37 207 361 540 708 875 1039 1085 
38 208 362 541 709 876 1040 1086 
39 209 363 542 710 877 1041 1087 
40 210 364 543 711 878 1042 1088 
41 211 365 544 712 879 1043 1089 
42 212 366 545 713 880 1044 1090 
43 213 367 546 714 881 1045 1091 
44 214 368 547 715 882 1046 1092 
45 215 369 548 716 883 1047 1093 
46 216 370 549 717 884 1048 1094 
47 217 371 550 718 885 1049 1095 
48 218 372 551 719 886 1050 1096 
49 219 373 552 720 887 901 1097 
50 220 374 553 721 888 902 1098 
51 221 375 554 722 889 903 1099 
52 222 376 555 723 890 904 1100 
53 223 377 556 724 891 905 1101 
54 224 378 557 725 892 906 1102 
55 225 379 558 726 893 907 1103 
56 226 380 559 727 894 908 1104 
57 227 381 560 728 895 909 1105 
58 228 382 561 729 896 910 1106 
59 229 383 562 730 897 911 1107 
60 230 384 563 731 898 912 1108 
61 231 385 564 732 899 913 1109 
62 232 386 565 733 900 914 1110 
63 233 387 566 734 751 915 1111 
64 234 388 567 735 752 916 1112 
65 235 389 568 736 753 917 1113 
66 236 390 569 737 754 918 1114 
67 237 391 570 738 755 919 1115 
68 238 392 571 739 756 920 1116 
69 239 393 572 740 757 921 1117 
70 240 394 573 741 758 922 1118 
71 241 395 574 742 759 923 1119 
72 242 396 575 743 760 924 1120 
73 243 397 576 744 761 925 1121 
74 244 398 577 745 762 926 1122 
75 245 399 578 746 763 927 1123 
76 246 400 579 747 764 928 1124 
77 247 401 580 748 765 929 1125 
78 248 402 581 749 766 930 1126 
79 249 403 582 750 767 931 1127 
80 250 404 583 601 768 932 1128 
81 251 405 584 602 769 933 1129 
82 252 406 585 603 770 934 1130 
83 253 407 586 604 771 935 1131 
84 254 408 587 605 772 936 1132 
85 255 409 588 606 773 937 1133 
86 256 410 589 607 774 938 1134 
87 257 411 590 608 775 939 1135 
88 258 412 591 609 776 940 1136 
89 259 413 592 610 777 941 1137 
90 260 414 593 611 778 942 1138 
91 261 415 594 612 779 943 1139 
92 262 416 595 613 780 944 1140 
93 263 417 596 614 781 945 1141 
94 264 418 597 615 782 946 1142 
95 265 419 598 616 783 947 1143 
96 266 420 599 617 784 948 1144 
97 267 421 600 618 785 949 1145 
98 268 422 451 619 786 950 1146 
99 269 423 452 620 787 951 1147 
100 270 424 453 621 788 952 1148 
101 271 425 454 622 789 953 1149 
102 272 426 455 623 790 954 1150 
103 273 427 456 624 791 955 1151 
104 274 428 457 625 792 956 1152 
105 275 429 458 626 793 957 1153 
106 276 430 459 627 794 958 1154 
107 277 431 460 628 795 959 1155 
108 278 432 461 629 796 960 1156 
109 279 433 462 630 797 961 1157 
110 280 434 463 631 798 962 1158 
111 281 435 464 632 799 963 1159 
112 282 436 465 633 800 964 1160 
113 283 437 466 634 801 965 1161 
114 284 438 467 635 802 966 1162 
115 285 439 468 636 803 967 1163 
116 286 440 469 637 804 968 1164 
117 287 441 470 638 805 969 1165 
118 288 442 471 639 806 970 1166 
119 289 443 472 640 807 971 1167 
120 290 444 473 641 808 972 1168 
121 291 445 474 642 809 973 1169 
122 292 446 475 643 810 974 1170 
123 293 447 476 644 811 975 1171 
124 294 448 477 645 812 976 1172 
125 295 449 478 646 813 977 1173 
126 296 450 479 647 814 978 1174 
127 297 301 480 648 815 979 1175 
128 298 302 481 649 816 980 1176 
129 299 303 482 650 817 981 1177 
130 300 304 483 651 818 982 1178 
131 151 305 484 652 819 983 1179 
132 152 306 485 653 820 984 1180 
133 153 307 486 654 821 985 1181 
134 154 308 487 655 822 986 1182 
135 155 309 488 656 823 987 1183 
136 156 310 489 657 824 988 1184 
137 157 311 490 658 825 989 1185 
138 158 312 491 659 826 990 1186 
139 159 313 492 660 827 991 1187 
140 160 314 493 661 828 992 1188 
141 161 315 494 662 829 993 1189 
142 162 316 495 663 830 994 1190 
143 163 317 496 664 831 995 1191 
144 164 318 497 665 832 996 1192 
145 165 319 498 666 833 997 1193 
146 166 320 499 667 834 998 1194 
147 167 321 500 668 835 999 1195 
148 168 322 501 669 836 1000 1196 
149 169 323 502 670 837 1001 1197 
150 170 324 503 671 838 1002 1198 
1 205 360 544 735 886 1038 1194 
2 206 361 545 736 887 1039 1195 
3 207 362 546 737 888 1040 1196 
4 208 363 547 738 889 1041 1197 
5 209 364 548 739 890 1042 1198 
6 210 365 549 740 891 1043 1199 
7 211 366 550 741 892 1044 1200 
8 212 367 551 742 893 1045 1051 
9 213 368 552 743 894 1046 1052 
10 214 369 553 744 895 1047 1053 
11 215 370 554 745 896 1048 1054 
12 216 371 555 746 897 1049 1055 
13 217 372 556 747 898 1050 1056 
14 218 373 557 748 899 901 1057 
15 219 374 558 749 900 902 1058 
16 220 375 559 750 751 903 1059 
17 221 376 560 601 752 904 1060 
18 222 377 561 602 753 905 1061 
19 223 378 562 603 754 906 1062 
20 224 379 563 604 755 907 1063 
21 225 380 564 605 756 908 1064 
22 226 381 565 606 757 909 1065 
23 227 382 566 607 758 910 1066 
24 228 383 567 608 759 911 1067 
25 229 384 568 609 760 912 1068 
26 230 385 569 610 761 913 1069 
27 231 386 570 611 762 914 1070 
28 232 387 571 612 763 915 1071 
29 233 388 572 613 764 916 1072 
30 234 389 573 614 765 917 1073 
31 235 390 574 615 766 918 1074 
32 236 391 575 616 767 919 1075 
33 237 392 576 617 768 920 1076 
34 238 393 577 618 769 921 1077 
35 239 394 578 619 770 922 1078 
36 240 395 579 620 771 923 1079 
37 241 396 580 621 772 924 1080 
38 242 397 581 622 773 925 1081 
39 243 398 582 623 774 926 1082 
40 244 399 583 624 775 927 1083 
41 245 400 584 625 776 928 1084 
42 246 401 585 626 777 929 1085 
43 247 402 586 627 778 930 1086 
44 248 403 587 628 779 931 1087 
45 249 404 588 629 780 932 1088 
46 250 405 589 630 781 933 1089 
47 251 406 590 631 782 934 1090 
48 252 407 591 632 783 935 1091 
49 253 408 592 633 784 936 1092 
50 254 409 593 634 785 937 1093 
51 255 410 594 635 786 938 1094 
52 256 411 595 636 787 939 1095 
53 257 412 596 637 788 940 1096 
54 258 413 597 638 789 941 1097 
55 259 414 598 639 790 942 1098 
56 260 415 599 640 791 943 1099 
57 261 416 600 641 792 944 1100 
58 262 417 451 642 793 945 1101 
59 263 418 452 643 794 946 1102 
60 264 419 453 644 795 947 1103 
61 265 420 454 645 796 948 1104 
62 266 421 455 646 797 949 1105 
63 267 422 456 647 798 950 1106 
64 268 423 457 648 799 951 1107 
65 269 424 458 649 800 952 1108 
66 270 425 459 650 801 953 1109 
67 271 426 460 651 802 954 1110 
68 272 427 461 652 803 955 1111 
69 273 428 462 653 804 956 1112 
70 274 429 463 654 805 957 1113 
71 275 430 464 655 806 958 1114 
72 276 431 465 656 807 959 1115 
73 277 432 466 657 808 960 1116 
74 278 433 467 658 809 961 1117 
75 279 434 468 659 810 962 1118 
76 280 435 469 660 811 963 1119 
77 281 436 470 661 812 964 1120 
78 282 437 471 662 813 965 1121 
79 283 438 472 663 814 966 1122 
80 284 439 473 664 815 967 1123 
81 285 440 474 665 816 968 1124 
82 286 441 475 666 817 969 1125 
83 287 442 476 667 818 970 1126 
84 288 443 477 668 819 971 1127 
85 289 444 478 669 820 972 1128 
86 290 445 479 670 821 973 1129 
87 291 446 480 671 822 974 1130 
88 292 447 481 672 823 975 1131 
89 293 448 482 673 824 976 1132 
90 294 449 483 674 825 977 1133 
91 295 450 484 675 826 978 1134 
92 296 301 485 676 827 979 1135 
93 297 302 486 677 828 980 1136 
94 298 303 487 678 829 981 1137 
95 299 304 488 679 830 982 1138 
96 300 305 489 680 831 983 1139 
97 151 306 490 681 832 984 1140 
98 152 307 491 682 833 985 1141 
99 153 308 492 683 834 986 1142 
100 154 309 493 684 835 987 1143 
101 155 310 494 685 836 988 1144 
102 156 311 495 686 837 989 1145 
103 157 312 496 687 838 990 1146 
104 158 313 497 688 839 991 1147 
105 159 314 498 689 840 992 1148 
106 160 315 499 690 841 993 1149 
107 161 316 500 691 842 994 1150 
108 162 317 501 692 843 995 1151 
109 163 318 502 693 844 996 1152 
110 164 319 503 694 845 997 1153 
111 165 320 504 695 846 998 1154 
112 166 321 505 696 847 999 1155 
113 167 322 506 697 848 1000 1156 
114 168 323 507 698 849 1001 1157 
115 169 324 508 699 850 1002 1158 
116 170 325 509 700 851 1003 1159 
117 171 326 510 701 852 1004 1160 
118 172 327 511 702 853 1005 1161 
119 173 328 512 703 854 1006 1162 
120 174 329 513 704 855 1007 1163 
121 175 330 514 705 856 1008 1164 
122 176 331 515 706 857 1009 1165 
123 177 332 516 707 858 1010 1166 
124 178 333 517 708 859 1011 1167 
125 179 334 518 709 860 1012 1168 
126 180 335 519 710 861 1013 1169 
127 181 336 520 711 862 1014 1170 
128 182 337 521 712 863 1015 1171 
129 183 338 522 713 864 1016 1172 
130 184 339 523 714 865 1017 1173 
131 185 340 524 715 866 1018 1174 
132 186 341 525 716 867 1019 1175 
133 187 342 526 717 868 1020 1176 
134 188 343 527 718 869 1021 1177 
135 189 344 528 719 870 1022 1178 
136 190 345 529 720 871 1023 1179 
137 191 346 530 721 872 1024 1180 
138 192 347 531 722 873 1025 1181 
139 193 348 532 723 874 1026 1182 
140 194 349 533 724 875 1027 1183 
141 195 350 534 725 876 1028 1184 
142 196 351 535 726 877 1029 1185 
143 197 352 536 727 878 1030 1186 
144 198 353 537 728 879 1031 1187 
145 199 354 538 729 880 1032 1188 
146 200 355 539 730 881 1033 1189 
147 201 356 540 731 882 1034 1190 
148 202 357 541 732 883 1035 1191 
149 203 358 542 733 884 1036 1192 
150 204 359 543 734 885 1037 1193 
1 225 384 597 656 824 990 1192 
2 226 385 598 657 825 991 1193 
3 227 386 599 658 826 992 1194 
4 228 387 600 659 827 993 1195 
5 229 388 451 660 828 994 1196 
6 230 389 452 661 829 995 1197 
7 231 390 453 662 830 996 1198 
8 232 391 454 663 831 997 1199 
9 233 392 455 664 832 998 1200 
10 234 393 456 665 833 999 1051 
11 235 394 457 666 834 1000 1052 
12 236 395 458 667 835 1001 1053 
13 237 396 459 668 836 1002 1054 
14 238 397 460 669 837 1003 1055 
15 239 398 461 670 838 1004 1056 
16 240 399 462 671 839 1005 1057 
17 241 400 463 672 840 1006 1058 
18 242 401 464 673 841 1007 1059 
19 243 402 465 674 842 1008 1060 
20 244 403 466 675 843 1009 1061 
21 245 404 467 676 844 1010 1062 
22 246 405 468 677 845 1011 1063 
23 247 406 469 678 846 1012 1064 
24 248 407 470 679 847 1013 1065 
25 249 408 471 680 848 1014 1066 
26 250 409 472 681 849 1015 1067 
27 251 410 473 682 850 1016 1068 
28 252 411 474 683 851 1017 1069 
29 253 412 475 684 852 1018 1070 
30 254 413 476 685 853 1019 1071 
31 255 414 477 686 854 1020 1072 
32 256 415 478 687 855 1021 1073 
33 257 416 479 688 856 1022 1074 
34 258 417 480 689 857 1023 1075 
35 259 418 481 690 858 1024 1076 
36 260 419 482 691 859 1025 1077 
37 261 420 483 692 860 1026 1078 
38 262 421 484 693 861 1027 1079 
39 263 422 485 694 862 1028 1080 
40 264 423 486 695 863 1029 1081 
41 265 424 487 696 864 1030 1082 
42 266 425 488 697 865 1031 1083 
43 267 426 489 698 866 1032 1084 
44 268 427 490 699 867 1033 1085 
45 269 428 491 700 868 1034 1086 
46 270 429 492 701 869 1035 1087 
47 271 430 493 702 870 1036 1088 
48 272 431 494 703 871 1037 1089 
49 273 432 495 704 872 1038 1090 
50 274 433 496 705 873 1039 1091 
51 275 434 497 706 874 1040 1092 
52 276 435 498 707 875 1041 1093 
53 277 436 499 708 876 1042 1094 
54 278 437 500 709 877 1043 1095 
55 279 438 501 710 878 1044 1096 
56 280 439 502 711 879 1045 1097 
57 281 440 503 712 880 1046 1098 
58 282 441 504 713 881 1047 1099 
59 283 442 505 714 882 1048 1100 
60 284 443 506 715 883 1049 1101 
61 285 444 507 716 884 1050 1102 
62 286 445 508 717 885 901 1103 
63 287 446 509 718 886 902 1104 
64 288 447 510 719 887 903 1105 
65 289 448 511 720 888 904 1106 
66 290 449 512 721 889 905 1107 
67 291 450 513 722 890 906 1108 
68 292 301 514 723 891 907 1109 
69 293 302 515 724 892 908 1110 
70 294 303 516 725 893 909 1111 
71 295 304 517 726 894 910 1112 
72 296 305 518 727 895 911 1113 
73 297 306 519 728 896 912 1114 
74 298 307 520 729 897 913 1115 
75 299 308 521 730 898 914 1116 
76 300 309 522 731 899 915 1117 
77 151 310 523 732 900 916 1118 
78 152 311 524 733 751 917 1119 
79 153 312 525 734 752 918 1120 
80 154 313 526 735 753 919 1121 
81 155 314 527 736 754 920 1122 
82 156 315 528 737 755 921 1123 
83 157 316 529 738 756 922 1124 
84 158 317 530 739 757 923 1125 
85 159 318 531 740 758 924 1126 
86 160 319 532 741 759 925 1127 
87 161 320 533 742 760 926 1128 
88 162 321 534 743 761 927 1129 
89 163 322 535 744 762 928 1130 
90 164 323 536 745 763 929 1131 
91 165 324 537 746 764 930 1132 
92 166 325 538 747 765 931 1133 
93 167 326 539 748 766 932 1134 
94 168 327 540 749 767 933 1135 
95 169 328 541 750 768 934 1136 
96 170 329 542 601 769 935 1137 
97 171 330 543 602 770 936 1138 
98 172 331 544 603 771 937 1139 
99 173 332 545 604 772 938 1140 
100 174 333 546 605 773 939 1141 
101 175 334 547 606 774 940 1142 
102 176 335 548 607 775 941 1143 
103 177 336 549 608 776 942 1144 
104 178 337 550 609 777 943 1145 
105 179 338 551 610 778 944 1146 
106 180 339 552 611 779 945 1147 
107 181 340 553 612 780 946 1148 
108 182 341 554 613 781 947 1149 
109 183 342 555 614 782 948 1150 
110 184 343 556 615 783 949 1151 
111 185 344 557 616 784 950 1152 
112 186 345 558 617 785 951 1153 
113 187 346 559 618 786 952 1154 
114 188 347 560 619 787 953 1155 
115 189 348 561 620 788 954 1156 
116 190 349 562 621 789 955 1157 
117 191 350 563 622 790 956 1158 
118 192 351 564 623 791 957 1159 
119 193 352 565 624 792 958 1160 
120 194 353 566 625 793 959 1161 
121 195 354 567 626 794 960 1162 
122 196 355 568 627 795 961 1163 
123 197 356 569 628 796 962 1164 
124 198 357 570 629 797 963 1165 
125 199 358 571 630 798 964 1166 
126 200 359 572 631 799 965 1167 
127 201 360 573 632 800 966 1168 
128 202 361 574 633 801 967 1169 
129 203 362 575 634 802 968 1170 
130 204 363 576 635 803 969 1171 
131 205 364 577 636 804 970 1172 
132 206 365 578 637 805 971 1173 
133 207 366 579 638 806 972 1174 
134 208 367 580 639 807 973 1175 
135 209 368 581 640 808 974 1176 
136 210 369 582 641 809 975 1177 
137 211 370 583 642 810 976 1178 
138 212 371 584 643 811 977 1179 
139 213 372 585 644 812 978 1180 
140 214 373 586 645 813 979 1181 
141 215 374 587 646 814 980 1182 
142 216 375 588 647 815 981 1183 
143 217 376 589 648 816 982 1184 
144 218 377 590 649 817 983 1185 
145 219 378 591 650 818 984 1186 
146 220 379 592 651 819 985 1187 
147 221 380 593 652 820 986 1188 
148 222 381 594 653 821 987 1189 
149 223 382 595 654 822 988 1190 
150 224 383 596 655 823 989 1191 
