1200 600
4 8
4 4 4 4 4 4 4 4 4 4 4 4 4 4 4 4 4 4 4 4 4 4 4 4 4 4 4 4 4 4 4 4 4 4 4 4 4 4 4 4 4 4 4 4 4 4 4 4 4 4 4 4 4 4 4 4 4 4 4 4 4 4 4 4 4 4 4 4 4 4 4 4 4 4 4 4 4 4 4 4 4 4 4 4 4 4 4 4 4 4 4 4 4 4 4 4 4 4 4 4 4 4 4 4 4 4 4 4 4 4 4 4 4 4 4 4 4 4 4 4 4 4 4 4 4 4 4 4 4 4 4 4 4 4 4 4 4 4 4 4 4 4 4 4 4 4 4 4 4 4 4 4 4 4 4 4 4 4 4 4 4 4 4 4 4 4 4 4 4 4 4 4 4 4 4 4 4 4 4 4 4 4 4 4 4 4 4 4 4 4 4 4 4 4 4 4 4 4 4 4 4 4 4 4 4 4 4 4 4 4 4 4 4 4 4 4 4 4 4 4 4 4 4 4 4 4 4 4 4 4 4 4 4 4 4 4 4 4 4 4 4 4 4 4 4 4 4 4 4 4 4 4 4 4 4 4 4 4 4 4 4 4 4 4 4 4 4 4 4 4 4 4 4 4 4 4 4 4 4 4 4 4 4 4 4 4 4 4 4 4 4 4 4 4 4 4 4 4 4 4 4 4 4 4 4 4 4 4 4 4 4 4 4 4 4 4 4 4 4 4 4 4 4 4 4 4 4 4 4 4 4 4 4 4 4 4 4 4 4 4 4 4 4 4 4 4 4 4 4 4 4 4 4 4 4 4 4 4 4 4 4 4 4 4 4 4 4 4 4 4 4 4 4 4 4 4 4 4 4 4 4 4 4 4 4 4 4 4 4 4 4 4 4 4 4 4 4 4 4 4 4 4 4 4 4 4 4 4 4 4 4 4 4 4 4 4 4 4 4 4 4 4 4 4 4 4 4 4 4 4 4 4 4 4 4 4 4 4 4 4 4 4 4 4 4 4 4 4 4 4 4 4 4 4 4 4 4 4 4 4 4 4 4 4 4 4 4 4 4 4 4 4 4 4 4 4 4 4 4 4 4 4 4 4 4 4 4 4 4 4 4 4 4 4 4 4 4 4 4 4 4 4 4 4 4 4 4 4 4 4 4 4 4 4 4 4 4 4 4 4 4 4 4 4 4 4 4 4 4 4 4 4 4 4 4 4 4 4 4 4 4 4 4 4 4 4 4 4 4 4 4 4 4 4 4 4 4 4 4 4 4 4 4 4 4 4 4 4 4 4 4 4 4 4 4 4 4 4 4 4 4 4 4 4 4 4 4 4 4 4 4 4 4 4 4 4 4 4 4 4 4 4 4 4 4 4 4 4 4 4 4 4 4 4 4 4 4 4 4 4 4 4 4 4 4 4 4 4 4 4 4 4 4 4 4 4 4 4 4 4 4 4 4 4 4 4 4 4 4 4 4 4 4 4 4 4 4 4 4 4 4 4 4 4 4 4 4 4 4 4 4 4 4 4 4 4 4 4 4 4 4 4 4 4 4 4 4 4 4 4 4 4 4 4 4 4 4 4 4 4 4 4 4 4 4 4 4 4 4 4 4 4 4 4 4 4 4 4 4 4 4 4 4 4 4 4 4 4 4 4 4 4 4 4 4 4 4 4 4 4 4 4 4 4 4 4 4 4 4 4 4 4 4 4 4 4 4 4 4 4 4 4 4 4 4 4 4 4 4 4 4 4 4 4 4 4 4 4 4 4 4 4 4 4 4 4 4 4 4 4 4 4 4 4 4 4 4 4 4 4 4 4 4 4 4 4 4 4 4 4 4 4 4 4 4 4 4 4 4 4 4 4 4 4 4 4 4 4 4 4 4 4 4 4 4 4 4 4 4 4 4 4 4 4 4 4 4 4 4 4 4 4 4 4 4 4 4 4 4 4 4 4 4 4 4 4 4 4 4 4 4 4 4 4 4 4 4 4 4 4 4 4 4 4 4 4 4 4 4 4 4 4 4 4 4 4 4 4 4 4 4 4 4 4 4 4 4 4 4 4 4 4 4 4 4 4 4 4 4 4 4 4 4 4 4 4 4 4 4 4 4 4 4 4 4 4 4 4 4 4 4 4 4 4 4 4 4 4 4 4 4 4 4 4 4 4 4 4 4 4 4 4 4 4 4 4 4 4 4 4 4 4 4 4 4 4 4 4 4 4 4 4 4 4 4 4 4 4 4 4 4 4 4 4 4 4 4 4 4 4 4 4 4 4 4 4 4 4 4 4 4 4 4 4 4 4 4 4 4 4 4 4 4 4 4 4 4 4 4 4 4 4 4 4 4 4 4 4 4 4 4 4 4 4 4 4 4 4 4 4 4 4 4 4 4 4 4 4 4 4 4 4 4 4 4 4 4 4 4 4 4 4 4 4 4 4 4 4 4 4 4 4 4 4 4 4 4 4 4 4 4 4 4 4 4 4 4 4 4 4 4 4 4 4 4 4 4 4 4 4 4 4 4 4 4 4 4 4 4 4 4 4 4 4 4 4 4 4 4 4 4 4 4 4 4 4 4 4 4 4 4 4 4 4 4 4 4 4 4 4 4 4 4 4 4 4 4 4 4 4 4 4 4 4 4 4 4 4 4 4 4 4 4 4 4 4 4 4 4 4 4 4 4 4 4 4 4 4 4 4 4 4 4 4 4 4 4 4 4 4 
8 8 8 8 8 8 8 8 8 8 8 8 8 8 8 8 8 8 8 8 8 8 8 8 8 8 8 8 8 8 8 8 8 8 8 8 8 8 8 8 8 8 8 8 8 8 8 8 8 8 8 8 8 8 8 8 8 8 8 8 8 8 8 8 8 8 8 8 8 8 8 8 8 8 8 8 8 8 8 8 8 8 8 8 8 8 8 8 8 8 8 8 8 8 8 8 8 8 8 8 8 8 8 8 8 8 8 8 8 8 8 8 8 8 8 8 8 8 8 8 8 8 8 8 8 8 8 8 8 8 8 8 8 8 8 8 8 8 8 8 8 8 8 8 8 8 8 8 8 8 8 8 8 8 8 8 8 8 8 8 8 8 8 8 8 8 8 8 8 8 8 8 8 8 8 8 8 8 8 8 8 8 8 8 8 8 8 8 8 8 8 8 8 8 8 8 8 8 8 8 8 8 8 8 8 8 8 8 8 8 8 8 8 8 8 8 8 8 8 8 8 8 8 8 8 8 8 8 8 8 8 8 8 8 8 8 8 8 8 8 8 8 8 8 8 8 8 8 8 8 8 8 8 8 8 8 8 8 8 8 8 8 8 8 8 8 8 8 8 8 8 8 8 8 8 8 8 8 8 8 8 8 8 8 8 8 8 8 8 8 8 8 8 8 8 8 8 8 8 8 8 8 8 8 8 8 8 8 8 8 8 8 8 8 8 8 8 8 8 8 8 8 8 8 8 8 8 8 8 8 8 8 8 8 8 8 8 8 8 8 8 8 8 8 8 8 8 8 8 8 8 8 8 8 8 8 8 8 8 8 8 8 8 8 8 8 8 8 8 8 8 8 8 8 8 8 8 8 8 8 8 8 8 8 8 8 8 8 8 8 8 8 8 8 8 8 8 8 8 8 8 8 8 8 8 8 8 8 8 8 8 8 8 8 8 8 8 8 8 8 8 8 8 8 8 8 8 8 8 8 8 8 8 8 8 8 8 8 8 8 8 8 8 8 8 8 8 8 8 8 8 8 8 8 8 8 8 8 8 8 8 8 8 8 8 8 8 8 8 8 8 8 8 8 8 8 8 8 8 8 8 8 8 8 8 8 8 8 8 8 8 8 8 8 8 8 8 8 8 8 8 8 8 8 8 8 8 8 8 8 8 8 8 8 8 8 8 8 8 8 8 8 8 8 8 8 8 8 8 8 8 8 8 8 8 8 8 8 8 8 8 8 8 8 8 8 8 8 8 8 8 8 8 8 8 8 8 8 8 8 8 8 8 8 8 8 8 8 8 8 8 8 8 8 8 8 8 8 8 8 8 8 8 8 8 8 8 8 8 8 8 8 8 8 8 8 8 8 8 8 
84 293 407 495 
85 294 408 496 
86 295 409 497 
87 296 410 498 
88 297 411 499 
89 298 412 500 
90 299 413 501 
91 300 414 502 
92 151 415 503 
93 152 416 504 
94 153 417 505 
95 154 418 506 
96 155 419 507 
97 156 420 508 
98 157 421 509 
99 158 422 510 
100 159 423 511 
101 160 424 512 
102 161 425 513 
103 162 426 514 
104 163 427 515 
105 164 428 516 
106 165 429 517 
107 166 430 518 
108 167 431 519 
109 168 432 520 
110 169 433 521 
111 170 434 522 
112 171 435 523 
113 172 436 524 
114 173 437 525 
115 174 438 526 
116 175 439 527 
117 176 440 528 
118 177 441 529 
119 178 442 530 
120 179 443 531 
121 180 444 532 
122 181 445 533 
123 182 446 534 
124 183 447 535 
125 184 448 536 
126 185 449 537 
127 186 450 538 
128 187 301 539 
129 188 302 540 
130 189 303 541 
131 190 304 542 
132 191 305 543 
133 192 306 544 
134 193 307 545 
135 194 308 546 
136 195 309 547 
137 196 310 548 
138 197 311 549 
139 198 312 550 
140 199 313 551 
141 200 314 552 
142 201 315 553 
143 202 316 554 
144 203 317 555 
145 204 318 556 
146 205 319 557 
147 206 320 558 
148 207 321 559 
149 208 322 560 
150 209 323 561 
1 210 324 562 
2 211 325 563 
3 212 326 564 
4 213 327 565 
5 214 328 566 
6 215 329 567 
7 216 330 568 
8 217 331 569 
9 218 332 570 
10 219 333 571 
11 220 334 572 
12 221 335 573 
13 222 336 574 
14 223 337 575 
15 224 338 576 
16 225 339 577 
17 226 340 578 
18 227 341 579 
19 228 342 580 
20 229 343 581 
21 230 344 582 
22 231 345 583 
23 232 346 584 
24 233 347 585 
25 234 348 586 
26 235 349 587 
27 236 350 588 
28 237 351 589 
29 238 352 590 
30 239 353 591 
31 240 354 592 
32 241 355 593 
33 242 356 594 
34 243 357 595 
35 244 358 596 
36 245 359 597 
37 246 360 598 
38 247 361 599 
39 248 362 600 
40 249 363 451 
41 250 364 452 
42 251 365 453 
43 252 366 454 
44 253 367 455 
45 254 368 456 
46 255 369 457 
47 256 370 458 
48 257 371 459 
49 258 372 460 
50 259 373 461 
51 260 374 462 
52 261 375 463 
53 262 376 464 
54 263 377 465 
55 264 378 466 
56 265 379 467 
57 266 380 468 
58 267 381 469 
59 268 382 470 
60 269 383 471 
61 270 384 472 
62 271 385 473 
63 272 386 474 
64 273 387 475 
65 274 388 476 
66 275 389 477 
67 276 390 478 
68 277 391 479 
69 278 392 480 
70 279 393 481 
71 280 394 482 
72 281 395 483 
73 282 396 484 
74 283 397 485 
75 284 398 486 
76 285 399 487 
77 286 400 488 
78 287 401 489 
79 288 402 490 
80 289 403 491 
81 290 404 492 
82 291 405 493 
83 292 406 494 
132 268 439 468 
133 269 440 469 
134 270 441 470 
135 271 442 471 
136 272 443 472 
137 273 444 473 
138 274 445 474 
139 275 446 475 
140 276 447 476 
141 277 448 477 
142 278 449 478 
143 279 450 479 
144 280 301 480 
145 281 302 481 
146 282 303 482 
147 283 304 483 
148 284 305 484 
149 285 306 485 
150 286 307 486 
1 287 308 487 
2 288 309 488 
3 289 310 489 
4 290 311 490 
5 291 312 491 
6 292 313 492 
7 293 314 493 
8 294 315 494 
9 295 316 495 
10 296 317 496 
11 297 318 497 
12 298 319 498 
13 299 320 499 
14 300 321 500 
15 151 322 501 
16 152 323 502 
17 153 324 503 
18 154 325 504 
19 155 326 505 
20 156 327 506 
21 157 328 507 
22 158 329 508 
23 159 330 509 
24 160 331 510 
25 161 332 511 
26 162 333 512 
27 163 334 513 
28 164 335 514 
29 165 336 515 
30 166 337 516 
31 167 338 517 
32 168 339 518 
33 169 340 519 
34 170 341 520 
35 171 342 521 
36 172 343 522 
37 173 344 523 
38 174 345 524 
39 175 346 525 
40 176 347 526 
41 177 348 527 
42 178 349 528 
43 179 350 529 
44 180 351 530 
45 181 352 531 
46 182 353 532 
47 183 354 533 
48 184 355 534 
49 185 356 535 
50 186 357 536 
51 187 358 537 
52 188 359 538 
53 189 360 539 
54 190 361 540 
55 191 362 541 
56 192 363 542 
57 193 364 543 
58 194 365 544 
59 195 366 545 
60 196 367 546 
61 197 368 547 
62 198 369 548 
63 199 370 549 
64 200 371 550 
65 201 372 551 
66 202 373 552 
67 203 374 553 
68 204 375 554 
69 205 376 555 
70 206 377 556 
71 207 378 557 
72 208 379 558 
73 209 380 559 
74 210 381 560 
75 211 382 561 
76 212 383 562 
77 213 384 563 
78 214 385 564 
79 215 386 565 
80 216 387 566 
81 217 388 567 
82 218 389 568 
83 219 390 569 
84 220 391 570 
85 221 392 571 
86 222 393 572 
87 223 394 573 
88 224 395 574 
89 225 396 575 
90 226 397 576 
91 227 398 577 
92 228 399 578 
93 229 400 579 
94 230 401 580 
95 231 402 581 
96 232 403 582 
97 233 404 583 
98 234 405 584 
99 235 406 585 
100 236 407 586 
101 237 408 587 
102 238 409 588 
103 239 410 589 
104 240 411 590 
105 241 412 591 
106 242 413 592 
107 243 414 593 
108 244 415 594 
109 245 416 595 
110 246 417 596 
111 247 418 597 
112 248 419 598 
113 249 420 599 
114 250 421 600 
115 251 422 451 
116 252 423 452 
117 253 424 453 
118 254 425 454 
119 255 426 455 
120 256 427 456 
121 257 428 457 
122 258 429 458 
123 259 430 459 
124 260 431 460 
125 261 432 461 
126 262 433 462 
127 263 434 463 
128 264 435 464 
129 265 436 465 
130 266 437 466 
131 267 438 467 
114 181 416 465 
115 182 417 466 
116 183 418 467 
117 184 419 468 
118 185 420 469 
119 186 421 470 
120 187 422 471 
121 188 423 472 
122 189 424 473 
123 190 425 474 
124 191 426 475 
125 192 427 476 
126 193 428 477 
127 194 429 478 
128 195 430 479 
129 196 431 480 
130 197 432 481 
131 198 433 482 
132 199 434 483 
133 200 435 484 
134 201 436 485 
135 202 437 486 
136 203 438 487 
137 204 439 488 
138 205 440 489 
139 206 441 490 
140 207 442 491 
141 208 443 492 
142 209 444 493 
143 210 445 494 
144 211 446 495 
145 212 447 496 
146 213 448 497 
147 214 449 498 
148 215 450 499 
149 216 301 500 
150 217 302 501 
1 218 303 502 
2 219 304 503 
3 220 305 504 
4 221 306 505 
5 222 307 506 
6 223 308 507 
7 224 309 508 
8 225 310 509 
9 226 311 510 
10 227 312 511 
11 228 313 512 
12 229 314 513 
13 230 315 514 
14 231 316 515 
15 232 317 516 
16 233 318 517 
17 234 319 518 
18 235 320 519 
19 236 321 520 
20 237 322 521 
21 238 323 522 
22 239 324 523 
23 240 325 524 
24 241 326 525 
25 242 327 526 
26 243 328 527 
27 244 329 528 
28 245 330 529 
29 246 331 530 
30 247 332 531 
31 248 333 532 
32 249 334 533 
33 250 335 534 
34 251 336 535 
35 252 337 536 
36 253 338 537 
37 254 339 538 
38 255 340 539 
39 256 341 540 
40 257 342 541 
41 258 343 542 
42 259 344 543 
43 260 345 544 
44 261 346 545 
45 262 347 546 
46 263 348 547 
47 264 349 548 
48 265 350 549 
49 266 351 550 
50 267 352 551 
51 268 353 552 
52 269 354 553 
53 270 355 554 
54 271 356 555 
55 272 357 556 
56 273 358 557 
57 274 359 558 
58 275 360 559 
59 276 361 560 
60 277 362 561 
61 278 363 562 
62 279 364 563 
63 280 365 564 
64 281 366 565 
65 282 367 566 
66 283 368 567 
67 284 369 568 
68 285 370 569 
69 286 371 570 
70 287 372 571 
71 288 373 572 
72 289 374 573 
73 290 375 574 
74 291 376 575 
75 292 377 576 
76 293 378 577 
77 294 379 578 
78 295 380 579 
79 296 381 580 
80 297 382 581 
81 298 383 582 
82 299 384 583 
83 300 385 584 
84 151 386 585 
85 152 387 586 
86 153 388 587 
87 154 389 588 
88 155 390 589 
89 156 391 590 
90 157 392 591 
91 158 393 592 
92 159 394 593 
93 160 395 594 
94 161 396 595 
95 162 397 596 
96 163 398 597 
97 164 399 598 
98 165 400 599 
99 166 401 600 
100 167 402 451 
101 168 403 452 
102 169 404 453 
103 170 405 454 
104 171 406 455 
105 172 407 456 
106 173 408 457 
107 174 409 458 
108 175 410 459 
109 176 411 460 
110 177 412 461 
111 178 413 462 
112 179 414 463 
113 180 415 464 
97 281 373 548 
98 282 374 549 
99 283 375 550 
100 284 376 551 
101 285 377 552 
102 286 378 553 
103 287 379 554 
104 288 380 555 
105 289 381 556 
106 290 382 557 
107 291 383 558 
108 292 384 559 
109 293 385 560 
110 294 386 561 
111 295 387 562 
112 296 388 563 
113 297 389 564 
114 298 390 565 
115 299 391 566 
116 300 392 567 
117 151 393 568 
118 152 394 569 
119 153 395 570 
120 154 396 571 
121 155 397 572 
122 156 398 573 
123 157 399 574 
124 158 400 575 
125 159 401 576 
126 160 402 577 
127 161 403 578 
128 162 404 579 
129 163 405 580 
130 164 406 581 
131 165 407 582 
132 166 408 583 
133 167 409 584 
134 168 410 585 
135 169 411 586 
136 170 412 587 
137 171 413 588 
138 172 414 589 
139 173 415 590 
140 174 416 591 
141 175 417 592 
142 176 418 593 
143 177 419 594 
144 178 420 595 
145 179 421 596 
146 180 422 597 
147 181 423 598 
148 182 424 599 
149 183 425 600 
150 184 426 451 
1 185 427 452 
2 186 428 453 
3 187 429 454 
4 188 430 455 
5 189 431 456 
6 190 432 457 
7 191 433 458 
8 192 434 459 
9 193 435 460 
10 194 436 461 
11 195 437 462 
12 196 438 463 
13 197 439 464 
14 198 440 465 
15 199 441 466 
16 200 442 467 
17 201 443 468 
18 202 444 469 
19 203 445 470 
20 204 446 471 
21 205 447 472 
22 206 448 473 
23 207 449 474 
24 208 450 475 
25 209 301 476 
26 210 302 477 
27 211 303 478 
28 212 304 479 
29 213 305 480 
30 214 306 481 
31 215 307 482 
32 216 308 483 
33 217 309 484 
34 218 310 485 
35 219 311 486 
36 220 312 487 
37 221 313 488 
38 222 314 489 
39 223 315 490 
40 224 316 491 
41 225 317 492 
42 226 318 493 
43 227 319 494 
44 228 320 495 
45 229 321 496 
46 230 322 497 
47 231 323 498 
48 232 324 499 
49 233 325 500 
50 234 326 501 
51 235 327 502 
52 236 328 503 
53 237 329 504 
54 238 330 505 
55 239 331 506 
56 240 332 507 
57 241 333 508 
58 242 334 509 
59 243 335 510 
60 244 336 511 
61 245 337 512 
62 246 338 513 
63 247 339 514 
64 248 340 515 
65 249 341 516 
66 250 342 517 
67 251 343 518 
68 252 344 519 
69 253 345 520 
70 254 346 521 
71 255 347 522 
72 256 348 523 
73 257 349 524 
74 258 350 525 
75 259 351 526 
76 260 352 527 
77 261 353 528 
78 262 354 529 
79 263 355 530 
80 264 356 531 
81 265 357 532 
82 266 358 533 
83 267 359 534 
84 268 360 535 
85 269 361 536 
86 270 362 537 
87 271 363 538 
88 272 364 539 
89 273 365 540 
90 274 366 541 
91 275 367 542 
92 276 368 543 
93 277 369 544 
94 278 370 545 
95 279 371 546 
96 280 372 547 
145 215 398 489 
146 216 399 490 
147 217 400 491 
148 218 401 492 
149 219 402 493 
150 220 403 494 
1 221 404 495 
2 222 405 496 
3 223 406 497 
4 224 407 498 
5 225 408 499 
6 226 409 500 
7 227 410 501 
8 228 411 502 
9 229 412 503 
10 230 413 504 
11 231 414 505 
12 232 415 506 
13 233 416 507 
14 234 417 508 
15 235 418 509 
16 236 419 510 
17 237 420 511 
18 238 421 512 
19 239 422 513 
20 240 423 514 
21 241 424 515 
22 242 425 516 
23 243 426 517 
24 244 427 518 
25 245 428 519 
26 246 429 520 
27 247 430 521 
28 248 431 522 
29 249 432 523 
30 250 433 524 
31 251 434 525 
32 252 435 526 
33 253 436 527 
34 254 437 528 
35 255 438 529 
36 256 439 530 
37 257 440 531 
38 258 441 532 
39 259 442 533 
40 260 443 534 
41 261 444 535 
42 262 445 536 
43 263 446 537 
44 264 447 538 
45 265 448 539 
46 266 449 540 
47 267 450 541 
48 268 301 542 
49 269 302 543 
50 270 303 544 
51 271 304 545 
52 272 305 546 
53 273 306 547 
54 274 307 548 
55 275 308 549 
56 276 309 550 
57 277 310 551 
58 278 311 552 
59 279 312 553 
60 280 313 554 
61 281 314 555 
62 282 315 556 
63 283 316 557 
64 284 317 558 
65 285 318 559 
66 286 319 560 
67 287 320 561 
68 288 321 562 
69 289 322 563 
70 290 323 564 
71 291 324 565 
72 292 325 566 
73 293 326 567 
74 294 327 568 
75 295 328 569 
76 296 329 570 
77 297 330 571 
78 298 331 572 
79 299 332 573 
80 300 333 574 
81 151 334 575 
82 152 335 576 
83 153 336 577 
84 154 337 578 
85 155 338 579 
86 156 339 580 
87 157 340 581 
88 158 341 582 
89 159 342 583 
90 160 343 584 
91 161 344 585 
92 162 345 586 
93 163 346 587 
94 164 347 588 
95 165 348 589 
96 166 349 590 
97 167 350 591 
98 168 351 592 
99 169 352 593 
100 170 353 594 
101 171 354 595 
102 172 355 596 
103 173 356 597 
104 174 357 598 
105 175 358 599 
106 176 359 600 
107 177 360 451 
108 178 361 452 
109 179 362 453 
110 180 363 454 
111 181 364 455 
112 182 365 456 
113 183 366 457 
114 184 367 458 
115 185 368 459 
116 186 369 460 
117 187 370 461 
118 188 371 462 
119 189 372 463 
120 190 373 464 
121 191 374 465 
122 192 375 466 
123 193 376 467 
124 194 377 468 
125 195 378 469 
126 196 379 470 
127 197 380 471 
128 198 381 472 
129 199 382 473 
130 200 383 474 
131 201 384 475 
132 202 385 476 
133 203 386 477 
134 204 387 478 
135 205 388 479 
136 206 389 480 
137 207 390 481 
138 208 391 482 
139 209 392 483 
140 210 393 484 
141 211 394 485 
142 212 395 486 
143 213 396 487 
144 214 397 488 
37 251 370 504 
38 252 371 505 
39 253 372 506 
40 254 373 507 
41 255 374 508 
42 256 375 509 
43 257 376 510 
44 258 377 511 
45 259 378 512 
46 260 379 513 
47 261 380 514 
48 262 381 515 
49 263 382 516 
50 264 383 517 
51 265 384 518 
52 266 385 519 
53 267 386 520 
54 268 387 521 
55 269 388 522 
56 270 389 523 
57 271 390 524 
58 272 391 525 
59 273 392 526 
60 274 393 527 
61 275 394 528 
62 276 395 529 
63 277 396 530 
64 278 397 531 
65 279 398 532 
66 280 399 533 
67 281 400 534 
68 282 401 535 
69 283 402 536 
70 284 403 537 
71 285 404 538 
72 286 405 539 
73 287 406 540 
74 288 407 541 
75 289 408 542 
76 290 409 543 
77 291 410 544 
78 292 411 545 
79 293 412 546 
80 294 413 547 
81 295 414 548 
82 296 415 549 
83 297 416 550 
84 298 417 551 
85 299 418 552 
86 300 419 553 
87 151 420 554 
88 152 421 555 
89 153 422 556 
90 154 423 557 
91 155 424 558 
92 156 425 559 
93 157 426 560 
94 158 427 561 
95 159 428 562 
96 160 429 563 
97 161 430 564 
98 162 431 565 
99 163 432 566 
100 164 433 567 
101 165 434 568 
102 166 435 569 
103 167 436 570 
104 168 437 571 
105 169 438 572 
106 170 439 573 
107 171 440 574 
108 172 441 575 
109 173 442 576 
110 174 443 577 
111 175 444 578 
112 176 445 579 
113 177 446 580 
114 178 447 581 
115 179 448 582 
116 180 449 583 
117 181 450 584 
118 182 301 585 
119 183 302 586 
120 184 303 587 
121 185 304 588 
122 186 305 589 
123 187 306 590 
124 188 307 591 
125 189 308 592 
126 190 309 593 
127 191 310 594 
128 192 311 595 
129 193 312 596 
130 194 313 597 
131 195 314 598 
132 196 315 599 
133 197 316 600 
134 198 317 451 
135 199 318 452 
136 200 319 453 
137 201 320 454 
138 202 321 455 
139 203 322 456 
140 204 323 457 
141 205 324 458 
142 206 325 459 
143 207 326 460 
144 208 327 461 
145 209 328 462 
146 210 329 463 
147 211 330 464 
148 212 331 465 
149 213 332 466 
150 214 333 467 
1 215 334 468 
2 216 335 469 
3 217 336 470 
4 218 337 471 
5 219 338 472 
6 220 339 473 
7 221 340 474 
8 222 341 475 
9 223 342 476 
10 224 343 477 
11 225 344 478 
12 226 345 479 
13 227 346 480 
14 228 347 481 
15 229 348 482 
16 230 349 483 
17 231 350 484 
18 232 351 485 
19 233 352 486 
20 234 353 487 
21 235 354 488 
22 236 355 489 
23 237 356 490 
24 238 357 491 
25 239 358 492 
26 240 359 493 
27 241 360 494 
28 242 361 495 
29 243 362 496 
30 244 363 497 
31 245 364 498 
32 246 365 499 
33 247 366 500 
34 248 367 501 
35 249 368 502 
36 250 369 503 
83 289 436 586 
84 290 437 587 
85 291 438 588 
86 292 439 589 
87 293 440 590 
88 294 441 591 
89 295 442 592 
90 296 443 593 
91 297 444 594 
92 298 445 595 
93 299 446 596 
94 300 447 597 
95 151 448 598 
96 152 449 599 
97 153 450 600 
98 154 301 451 
99 155 302 452 
100 156 303 453 
101 157 304 454 
102 158 305 455 
103 159 306 456 
104 160 307 457 
105 161 308 458 
106 162 309 459 
107 163 310 460 
108 164 311 461 
109 165 312 462 
110 166 313 463 
111 167 314 464 
112 168 315 465 
113 169 316 466 
114 170 317 467 
115 171 318 468 
116 172 319 469 
117 173 320 470 
118 174 321 471 
119 175 322 472 
120 176 323 473 
121 177 324 474 
122 178 325 475 
123 179 326 476 
124 180 327 477 
125 181 328 478 
126 182 329 479 
127 183 330 480 
128 184 331 481 
129 185 332 482 
130 186 333 483 
131 187 334 484 
132 188 335 485 
133 189 336 486 
134 190 337 487 
135 191 338 488 
136 192 339 489 
137 193 340 490 
138 194 341 491 
139 195 342 492 
140 196 343 493 
141 197 344 494 
142 198 345 495 
143 199 346 496 
144 200 347 497 
145 201 348 498 
146 202 349 499 
147 203 350 500 
148 204 351 501 
149 205 352 502 
150 206 353 503 
1 207 354 504 
2 208 355 505 
3 209 356 506 
4 210 357 507 
5 211 358 508 
6 212 359 509 
7 213 360 510 
8 214 361 511 
9 215 362 512 
10 216 363 513 
11 217 364 514 
12 218 365 515 
13 219 366 516 
14 220 367 517 
15 221 368 518 
16 222 369 519 
17 223 370 520 
18 224 371 521 
19 225 372 522 
20 226 373 523 
21 227 374 524 
22 228 375 525 
23 229 376 526 
24 230 377 527 
25 231 378 528 
26 232 379 529 
27 233 380 530 
28 234 381 531 
29 235 382 532 
30 236 383 533 
31 237 384 534 
32 238 385 535 
33 239 386 536 
34 240 387 537 
35 241 388 538 
36 242 389 539 
37 243 390 540 
38 244 391 541 
39 245 392 542 
40 246 393 543 
41 247 394 544 
42 248 395 545 
43 249 396 546 
44 250 397 547 
45 251 398 548 
46 252 399 549 
47 253 400 550 
48 254 401 551 
49 255 402 552 
50 256 403 553 
51 257 404 554 
52 258 405 555 
53 259 406 556 
54 260 407 557 
55 261 408 558 
56 262 409 559 
57 263 410 560 
58 264 411 561 
59 265 412 562 
60 266 413 563 
61 267 414 564 
62 268 415 565 
63 269 416 566 
64 270 417 567 
65 271 418 568 
66 272 419 569 
67 273 420 570 
68 274 421 571 
69 275 422 572 
70 276 423 573 
71 277 424 574 
72 278 425 575 
73 279 426 576 
74 280 427 577 
75 281 428 578 
76 282 429 579 
77 283 430 580 
78 284 431 581 
79 285 432 582 
80 286 433 583 
81 287 434 584 
82 288 435 585 
76 188 358 488 
77 189 359 489 
78 190 360 490 
79 191 361 491 
80 192 362 492 
81 193 363 493 
82 194 364 494 
83 195 365 495 
84 196 366 496 
85 197 367 497 
86 198 368 498 
87 199 369 499 
88 200 370 500 
89 201 371 501 
90 202 372 502 
91 203 373 503 
92 204 374 504 
93 205 375 505 
94 206 376 506 
95 207 377 507 
96 208 378 508 
97 209 379 509 
98 210 380 510 
99 211 381 511 
100 212 382 512 
101 213 383 513 
102 214 384 514 
103 215 385 515 
104 216 386 516 
105 217 387 517 
106 218 388 518 
107 219 389 519 
108 220 390 520 
109 221 391 521 
110 222 392 522 
111 223 393 523 
112 224 394 524 
113 225 395 525 
114 226 396 526 
115 227 397 527 
116 228 398 528 
117 229 399 529 
118 230 400 530 
119 231 401 531 
120 232 402 532 
121 233 403 533 
122 234 404 534 
123 235 405 535 
124 236 406 536 
125 237 407 537 
126 238 408 538 
127 239 409 539 
128 240 410 540 
129 241 411 541 
130 242 412 542 
131 243 413 543 
132 244 414 544 
133 245 415 545 
134 246 416 546 
135 247 417 547 
136 248 418 548 
137 249 419 549 
138 250 420 550 
139 251 421 551 
140 252 422 552 
141 253 423 553 
142 254 424 554 
143 255 425 555 
144 256 426 556 
145 257 427 557 
146 258 428 558 
147 259 429 559 
148 260 430 560 
149 261 431 561 
150 262 432 562 
1 263 433 563 
2 264 434 564 
3 265 435 565 
4 266 436 566 
5 267 437 567 
6 268 438 568 
7 269 439 569 
8 270 440 570 
9 271 441 571 
10 272 442 572 
11 273 443 573 
12 274 444 574 
13 275 445 575 
14 276 446 576 
15 277 447 577 
16 278 448 578 
17 279 449 579 
18 280 450 580 
19 281 301 581 
20 282 302 582 
21 283 303 583 
22 284 304 584 
23 285 305 585 
24 286 306 586 
25 287 307 587 
26 288 308 588 
27 289 309 589 
28 290 310 590 
29 291 311 591 
30 292 312 592 
31 293 313 593 
32 294 314 594 
33 295 315 595 
34 296 316 596 
35 297 317 597 
36 298 318 598 
37 299 319 599 
38 300 320 600 
39 151 321 451 
40 152 322 452 
41 153 323 453 
42 154 324 454 
43 155 325 455 
44 156 326 456 
45 157 327 457 
46 158 328 458 
47 159 329 459 
48 160 330 460 
49 161 331 461 
50 162 332 462 
51 163 333 463 
52 164 334 464 
53 165 335 465 
54 166 336 466 
55 167 337 467 
56 168 338 468 
57 169 339 469 
58 170 340 470 
59 171 341 471 
60 172 342 472 
61 173 343 473 
62 174 344 474 
63 175 345 475 
64 176 346 476 
65 177 347 477 
66 178 348 478 
67 179 349 479 
68 180 350 480 
69 181 351 481 
70 182 352 482 
71 183 353 483 
72 184 354 484 
73 185 355 485 
74 186 356 486 
75 187 357 487 
68 170 338 505 607 865 969 1126 
69 171 339 506 608 866 970 1127 
70 172 340 507 609 867 971 1128 
71 173 341 508 610 868 972 1129 
72 174 342 509 611 869 973 1130 
73 175 343 510 612 870 974 1131 
74 176 344 511 613 871 975 1132 
75 177 345 512 614 872 976 1133 
76 178 346 513 615 873 977 1134 
77 179 347 514 616 874 978 1135 
78 180 348 515 617 875 979 1136 
79 181 349 516 618 876 980 1137 
80 182 350 517 619 877 981 1138 
81 183 351 518 620 878 982 1139 
82 184 352 519 621 879 983 1140 
83 185 353 520 622 880 984 1141 
84 186 354 521 623 881 985 1142 
85 187 355 522 624 882 986 1143 
86 188 356 523 625 883 987 1144 
87 189 357 524 626 884 988 1145 
88 190 358 525 627 885 989 1146 
89 191 359 526 628 886 990 1147 
90 192 360 527 629 887 991 1148 
91 193 361 528 630 888 992 1149 
92 194 362 529 631 889 993 1150 
93 195 363 530 632 890 994 1151 
94 196 364 531 633 891 995 1152 
95 197 365 532 634 892 996 1153 
96 198 366 533 635 893 997 1154 
97 199 367 534 636 894 998 1155 
98 200 368 535 637 895 999 1156 
99 201 369 536 638 896 1000 1157 
100 202 370 537 639 897 1001 1158 
101 203 371 538 640 898 1002 1159 
102 204 372 539 641 899 1003 1160 
103 205 373 540 642 900 1004 1161 
104 206 374 541 643 751 1005 1162 
105 207 375 542 644 752 1006 1163 
106 208 376 543 645 753 1007 1164 
107 209 377 544 646 754 1008 1165 
108 210 378 545 647 755 1009 1166 
109 211 379 546 648 756 1010 1167 
110 212 380 547 649 757 1011 1168 
111 213 381 548 650 758 1012 1169 
112 214 382 549 651 759 1013 1170 
113 215 383 550 652 760 1014 1171 
114 216 384 551 653 761 1015 1172 
115 217 385 552 654 762 1016 1173 
116 218 386 553 655 763 1017 1174 
117 219 387 554 656 764 1018 1175 
118 220 388 555 657 765 1019 1176 
119 221 389 556 658 766 1020 1177 
120 222 390 557 659 767 1021 1178 
121 223 391 558 660 768 1022 1179 
122 224 392 559 661 769 1023 1180 
123 225 393 560 662 770 1024 1181 
124 226 394 561 663 771 1025 1182 
125 227 395 562 664 772 1026 1183 
126 228 396 563 665 773 1027 1184 
127 229 397 564 666 774 1028 1185 
128 230 398 565 667 775 1029 1186 
129 231 399 566 668 776 1030 1187 
130 232 400 567 669 777 1031 1188 
131 233 401 568 670 778 1032 1189 
132 234 402 569 671 779 1033 1190 
133 235 403 570 672 780 1034 1191 
134 236 404 571 673 781 1035 1192 
135 237 405 572 674 782 1036 1193 
136 238 406 573 675 783 1037 1194 
137 239 407 574 676 784 1038 1195 
138 240 408 575 677 785 1039 1196 
139 241 409 576 678 786 1040 1197 
140 242 410 577 679 787 1041 1198 
141 243 411 578 680 788 1042 1199 
142 244 412 579 681 789 1043 1200 
143 245 413 580 682 790 1044 1051 
144 246 414 581 683 791 1045 1052 
145 247 415 582 684 792 1046 1053 
146 248 416 583 685 793 1047 1054 
147 249 417 584 686 794 1048 1055 
148 250 418 585 687 795 1049 1056 
149 251 419 586 688 796 1050 1057 
150 252 420 587 689 797 901 1058 
1 253 421 588 690 798 902 1059 
2 254 422 589 691 799 903 1060 
3 255 423 590 692 800 904 1061 
4 256 424 591 693 801 905 1062 
5 257 425 592 694 802 906 1063 
6 258 426 593 695 803 907 1064 
7 259 427 594 696 804 908 1065 
8 260 428 595 697 805 909 1066 
9 261 429 596 698 806 910 1067 
10 262 430 597 699 807 911 1068 
11 263 431 598 700 808 912 1069 
12 264 432 599 701 809 913 1070 
13 265 433 600 702 810 914 1071 
14 266 434 451 703 811 915 1072 
15 267 435 452 704 812 916 1073 
16 268 436 453 705 813 917 1074 
17 269 437 454 706 814 918 1075 
18 270 438 455 707 815 919 1076 
19 271 439 456 708 816 920 1077 
20 272 440 457 709 817 921 1078 
21 273 441 458 710 818 922 1079 
22 274 442 459 711 819 923 1080 
23 275 443 460 712 820 924 1081 
24 276 444 461 713 821 925 1082 
25 277 445 462 714 822 926 1083 
26 278 446 463 715 823 927 1084 
27 279 447 464 716 824 928 1085 
28 280 448 465 717 825 929 1086 
29 281 449 466 718 826 930 1087 
30 282 450 467 719 827 931 1088 
31 283 301 468 720 828 932 1089 
32 284 302 469 721 829 933 1090 
33 285 303 470 722 830 934 1091 
34 286 304 471 723 831 935 1092 
35 287 305 472 724 832 936 1093 
36 288 306 473 725 833 937 1094 
37 289 307 474 726 834 938 1095 
38 290 308 475 727 835 939 1096 
39 291 309 476 728 836 940 1097 
40 292 310 477 729 837 941 1098 
41 293 311 478 730 838 942 1099 
42 294 312 479 731 839 943 1100 
43 295 313 480 732 840 944 1101 
44 296 314 481 733 841 945 1102 
45 297 315 482 734 842 946 1103 
46 298 316 483 735 843 947 1104 
47 299 317 484 736 844 948 1105 
48 300 318 485 737 845 949 1106 
49 151 319 486 738 846 950 1107 
50 152 320 487 739 847 951 1108 
51 153 321 488 740 848 952 1109 
52 154 322 489 741 849 953 1110 
53 155 323 490 742 850 954 1111 
54 156 324 491 743 851 955 1112 
55 157 325 492 744 852 956 1113 
56 158 326 493 745 853 957 1114 
57 159 327 494 746 854 958 1115 
58 160 328 495 747 855 959 1116 
59 161 329 496 748 856 960 1117 
60 162 330 497 749 857 961 1118 
61 163 331 498 750 858 962 1119 
62 164 332 499 601 859 963 1120 
63 165 333 500 602 860 964 1121 
64 166 334 501 603 861 965 1122 
65 167 335 502 604 862 966 1123 
66 168 336 503 605 863 967 1124 
67 169 337 504 606 864 968 1125 
9 184 421 471 687 801 913 1164 
10 185 422 472 688 802 914 1165 
11 186 423 473 689 803 915 1166 
12 187 424 474 690 804 916 1167 
13 188 425 475 691 805 917 1168 
14 189 426 476 692 806 918 1169 
15 190 427 477 693 807 919 1170 
16 191 428 478 694 808 920 1171 
17 192 429 479 695 809 921 1172 
18 193 430 480 696 810 922 1173 
19 194 431 481 697 811 923 1174 
20 195 432 482 698 812 924 1175 
21 196 433 483 699 813 925 1176 
22 197 434 484 700 814 926 1177 
23 198 435 485 701 815 927 1178 
24 199 436 486 702 816 928 1179 
25 200 437 487 703 817 929 1180 
26 201 438 488 704 818 930 1181 
27 202 439 489 705 819 931 1182 
28 203 440 490 706 820 932 1183 
29 204 441 491 707 821 933 1184 
30 205 442 492 708 822 934 1185 
31 206 443 493 709 823 935 1186 
32 207 444 494 710 824 936 1187 
33 208 445 495 711 825 937 1188 
34 209 446 496 712 826 938 1189 
35 210 447 497 713 827 939 1190 
36 211 448 498 714 828 940 1191 
37 212 449 499 715 829 941 1192 
38 213 450 500 716 830 942 1193 
39 214 301 501 717 831 943 1194 
40 215 302 502 718 832 944 1195 
41 216 303 503 719 833 945 1196 
42 217 304 504 720 834 946 1197 
43 218 305 505 721 835 947 1198 
44 219 306 506 722 836 948 1199 
45 220 307 507 723 837 949 1200 
46 221 308 508 724 838 950 1051 
47 222 309 509 725 839 951 1052 
48 223 310 510 726 840 952 1053 
49 224 311 511 727 841 953 1054 
50 225 312 512 728 842 954 1055 
51 226 313 513 729 843 955 1056 
52 227 314 514 730 844 956 1057 
53 228 315 515 731 845 957 1058 
54 229 316 516 732 846 958 1059 
55 230 317 517 733 847 959 1060 
56 231 318 518 734 848 960 1061 
57 232 319 519 735 849 961 1062 
58 233 320 520 736 850 962 1063 
59 234 321 521 737 851 963 1064 
60 235 322 522 738 852 964 1065 
61 236 323 523 739 853 965 1066 
62 237 324 524 740 854 966 1067 
63 238 325 525 741 855 967 1068 
64 239 326 526 742 856 968 1069 
65 240 327 527 743 857 969 1070 
66 241 328 528 744 858 970 1071 
67 242 329 529 745 859 971 1072 
68 243 330 530 746 860 972 1073 
69 244 331 531 747 861 973 1074 
70 245 332 532 748 862 974 1075 
71 246 333 533 749 863 975 1076 
72 247 334 534 750 864 976 1077 
73 248 335 535 601 865 977 1078 
74 249 336 536 602 866 978 1079 
75 250 337 537 603 867 979 1080 
76 251 338 538 604 868 980 1081 
77 252 339 539 605 869 981 1082 
78 253 340 540 606 870 982 1083 
79 254 341 541 607 871 983 1084 
80 255 342 542 608 872 984 1085 
81 256 343 543 609 873 985 1086 
82 257 344 544 610 874 986 1087 
83 258 345 545 611 875 987 1088 
84 259 346 546 612 876 988 1089 
85 260 347 547 613 877 989 1090 
86 261 348 548 614 878 990 1091 
87 262 349 549 615 879 991 1092 
88 263 350 550 616 880 992 1093 
89 264 351 551 617 881 993 1094 
90 265 352 552 618 882 994 1095 
91 266 353 553 619 883 995 1096 
92 267 354 554 620 884 996 1097 
93 268 355 555 621 885 997 1098 
94 269 356 556 622 886 998 1099 
95 270 357 557 623 887 999 1100 
96 271 358 558 624 888 1000 1101 
97 272 359 559 625 889 1001 1102 
98 273 360 560 626 890 1002 1103 
99 274 361 561 627 891 1003 1104 
100 275 362 562 628 892 1004 1105 
101 276 363 563 629 893 1005 1106 
102 277 364 564 630 894 1006 1107 
103 278 365 565 631 895 1007 1108 
104 279 366 566 632 896 1008 1109 
105 280 367 567 633 897 1009 1110 
106 281 368 568 634 898 1010 1111 
107 282 369 569 635 899 1011 1112 
108 283 370 570 636 900 1012 1113 
109 284 371 571 637 751 1013 1114 
110 285 372 572 638 752 1014 1115 
111 286 373 573 639 753 1015 1116 
112 287 374 574 640 754 1016 1117 
113 288 375 575 641 755 1017 1118 
114 289 376 576 642 756 1018 1119 
115 290 377 577 643 757 1019 1120 
116 291 378 578 644 758 1020 1121 
117 292 379 579 645 759 1021 1122 
118 293 380 580 646 760 1022 1123 
119 294 381 581 647 761 1023 1124 
120 295 382 582 648 762 1024 1125 
121 296 383 583 649 763 1025 1126 
122 297 384 584 650 764 1026 1127 
123 298 385 585 651 765 1027 1128 
124 299 386 586 652 766 1028 1129 
125 300 387 587 653 767 1029 1130 
126 151 388 588 654 768 1030 1131 
127 152 389 589 655 769 1031 1132 
128 153 390 590 656 770 1032 1133 
129 154 391 591 657 771 1033 1134 
130 155 392 592 658 772 1034 1135 
131 156 393 593 659 773 1035 1136 
132 157 394 594 660 774 1036 1137 
133 158 395 595 661 775 1037 1138 
134 159 396 596 662 776 1038 1139 
135 160 397 597 663 777 1039 1140 
136 161 398 598 664 778 1040 1141 
137 162 399 599 665 779 1041 1142 
138 163 400 600 666 780 1042 1143 
139 164 401 451 667 781 1043 1144 
140 165 402 452 668 782 1044 1145 
141 166 403 453 669 783 1045 1146 
142 167 404 454 670 784 1046 1147 
143 168 405 455 671 785 1047 1148 
144 169 406 456 672 786 1048 1149 
145 170 407 457 673 787 1049 1150 
146 171 408 458 674 788 1050 1151 
147 172 409 459 675 789 901 1152 
148 173 410 460 676 790 902 1153 
149 174 411 461 677 791 903 1154 
150 175 412 462 678 792 904 1155 
1 176 413 463 679 793 905 1156 
2 177 414 464 680 794 906 1157 
3 178 415 465 681 795 907 1158 
4 179 416 466 682 796 908 1159 
5 180 417 467 683 797 909 1160 
6 181 418 468 684 798 910 1161 
7 182 419 469 685 799 911 1162 
8 183 420 470 686 800 912 1163 
45 163 336 529 654 832 916 1144 
46 164 337 530 655 833 917 1145 
47 165 338 531 656 834 918 1146 
48 166 339 532 657 835 919 1147 
49 167 340 533 658 836 920 1148 
50 168 341 534 659 837 921 1149 
51 169 342 535 660 838 922 1150 
52 170 343 536 661 839 923 1151 
53 171 344 537 662 840 924 1152 
54 172 345 538 663 841 925 1153 
55 173 346 539 664 842 926 1154 
56 174 347 540 665 843 927 1155 
57 175 348 541 666 844 928 1156 
58 176 349 542 667 845 929 1157 
59 177 350 543 668 846 930 1158 
60 178 351 544 669 847 931 1159 
61 179 352 545 670 848 932 1160 
62 180 353 546 671 849 933 1161 
63 181 354 547 672 850 934 1162 
64 182 355 548 673 851 935 1163 
65 183 356 549 674 852 936 1164 
66 184 357 550 675 853 937 1165 
67 185 358 551 676 854 938 1166 
68 186 359 552 677 855 939 1167 
69 187 360 553 678 856 940 1168 
70 188 361 554 679 857 941 1169 
71 189 362 555 680 858 942 1170 
72 190 363 556 681 859 943 1171 
73 191 364 557 682 860 944 1172 
74 192 365 558 683 861 945 1173 
75 193 366 559 684 862 946 1174 
76 194 367 560 685 863 947 1175 
77 195 368 561 686 864 948 1176 
78 196 369 562 687 865 949 1177 
79 197 370 563 688 866 950 1178 
80 198 371 564 689 867 951 1179 
81 199 372 565 690 868 952 1180 
82 200 373 566 691 869 953 1181 
83 201 374 567 692 870 954 1182 
84 202 375 568 693 871 955 1183 
85 203 376 569 694 872 956 1184 
86 204 377 570 695 873 957 1185 
87 205 378 571 696 874 958 1186 
88 206 379 572 697 875 959 1187 
89 207 380 573 698 876 960 1188 
90 208 381 574 699 877 961 1189 
91 209 382 575 700 878 962 1190 
92 210 383 576 701 879 963 1191 
93 211 384 577 702 880 964 1192 
94 212 385 578 703 881 965 1193 
95 213 386 579 704 882 966 1194 
96 214 387 580 705 883 967 1195 
97 215 388 581 706 884 968 1196 
98 216 389 582 707 885 969 1197 
99 217 390 583 708 886 970 1198 
100 218 391 584 709 887 971 1199 
101 219 392 585 710 888 972 1200 
102 220 393 586 711 889 973 1051 
103 221 394 587 712 890 974 1052 
104 222 395 588 713 891 975 1053 
105 223 396 589 714 892 976 1054 
106 224 397 590 715 893 977 1055 
107 225 398 591 716 894 978 1056 
108 226 399 592 717 895 979 1057 
109 227 400 593 718 896 980 1058 
110 228 401 594 719 897 981 1059 
111 229 402 595 720 898 982 1060 
112 230 403 596 721 899 983 1061 
113 231 404 597 722 900 984 1062 
114 232 405 598 723 751 985 1063 
115 233 406 599 724 752 986 1064 
116 234 407 600 725 753 987 1065 
117 235 408 451 726 754 988 1066 
118 236 409 452 727 755 989 1067 
119 237 410 453 728 756 990 1068 
120 238 411 454 729 757 991 1069 
121 239 412 455 730 758 992 1070 
122 240 413 456 731 759 993 1071 
123 241 414 457 732 760 994 1072 
124 242 415 458 733 761 995 1073 
125 243 416 459 734 762 996 1074 
126 244 417 460 735 763 997 1075 
127 245 418 461 736 764 998 1076 
128 246 419 462 737 765 999 1077 
129 247 420 463 738 766 1000 1078 
130 248 421 464 739 767 1001 1079 
131 249 422 465 740 768 1002 1080 
132 250 423 466 741 769 1003 1081 
133 251 424 467 742 770 1004 1082 
134 252 425 468 743 771 1005 1083 
135 253 426 469 744 772 1006 1084 
136 254 427 470 745 773 1007 1085 
137 255 428 471 746 774 1008 1086 
138 256 429 472 747 775 1009 1087 
139 257 430 473 748 776 1010 1088 
140 258 431 474 749 777 1011 1089 
141 259 432 475 750 778 1012 1090 
142 260 433 476 601 779 1013 1091 
143 261 434 477 602 780 1014 1092 
144 262 435 478 603 781 1015 1093 
145 263 436 479 604 782 1016 1094 
146 264 437 480 605 783 1017 1095 
147 265 438 481 606 784 1018 1096 
148 266 439 482 607 785 1019 1097 
149 267 440 483 608 786 1020 1098 
150 268 441 484 609 787 1021 1099 
1 269 442 485 610 788 1022 1100 
2 270 443 486 611 789 1023 1101 
3 271 444 487 612 790 1024 1102 
4 272 445 488 613 791 1025 1103 
5 273 446 489 614 792 1026 1104 
6 274 447 490 615 793 1027 1105 
7 275 448 491 616 794 1028 1106 
8 276 449 492 617 795 1029 1107 
9 277 450 493 618 796 1030 1108 
10 278 301 494 619 797 1031 1109 
11 279 302 495 620 798 1032 1110 
12 280 303 496 621 799 1033 1111 
13 281 304 497 622 800 1034 1112 
14 282 305 498 623 801 1035 1113 
15 283 306 499 624 802 1036 1114 
16 284 307 500 625 803 1037 1115 
17 285 308 501 626 804 1038 1116 
18 286 309 502 627 805 1039 1117 
19 287 310 503 628 806 1040 1118 
20 288 311 504 629 807 1041 1119 
21 289 312 505 630 808 1042 1120 
22 290 313 506 631 809 1043 1121 
23 291 314 507 632 810 1044 1122 
24 292 315 508 633 811 1045 1123 
25 293 316 509 634 812 1046 1124 
26 294 317 510 635 813 1047 1125 
27 295 318 511 636 814 1048 1126 
28 296 319 512 637 815 1049 1127 
29 297 320 513 638 816 1050 1128 
30 298 321 514 639 817 901 1129 
31 299 322 515 640 818 902 1130 
32 300 323 516 641 819 903 1131 
33 151 324 517 642 820 904 1132 
34 152 325 518 643 821 905 1133 
35 153 326 519 644 822 906 1134 
36 154 327 520 645 823 907 1135 
37 155 328 521 646 824 908 1136 
38 156 329 522 647 825 909 1137 
39 157 330 523 648 826 910 1138 
40 158 331 524 649 827 911 1139 
41 159 332 525 650 828 912 1140 
42 160 333 526 651 829 913 1141 
43 161 334 527 652 830 914 1142 
44 162 335 528 653 831 915 1143 
107 284 437 504 713 848 916 1164 
108 285 438 505 714 849 917 1165 
109 286 439 506 715 850 918 1166 
110 287 440 507 716 851 919 1167 
111 288 441 508 717 852 920 1168 
112 289 442 509 718 853 921 1169 
113 290 443 510 719 854 922 1170 
114 291 444 511 720 855 923 1171 
115 292 445 512 721 856 924 1172 
116 293 446 513 722 857 925 1173 
117 294 447 514 723 858 926 1174 
118 295 448 515 724 859 927 1175 
119 296 449 516 725 860 928 1176 
120 297 450 517 726 861 929 1177 
121 298 301 518 727 862 930 1178 
122 299 302 519 728 863 931 1179 
123 300 303 520 729 864 932 1180 
124 151 304 521 730 865 933 1181 
125 152 305 522 731 866 934 1182 
126 153 306 523 732 867 935 1183 
127 154 307 524 733 868 936 1184 
128 155 308 525 734 869 937 1185 
129 156 309 526 735 870 938 1186 
130 157 310 527 736 871 939 1187 
131 158 311 528 737 872 940 1188 
132 159 312 529 738 873 941 1189 
133 160 313 530 739 874 942 1190 
134 161 314 531 740 875 943 1191 
135 162 315 532 741 876 944 1192 
136 163 316 533 742 877 945 1193 
137 164 317 534 743 878 946 1194 
138 165 318 535 744 879 947 1195 
139 166 319 536 745 880 948 1196 
140 167 320 537 746 881 949 1197 
141 168 321 538 747 882 950 1198 
142 169 322 539 748 883 951 1199 
143 170 323 540 749 884 952 1200 
144 171 324 541 750 885 953 1051 
145 172 325 542 601 886 954 1052 
146 173 326 543 602 887 955 1053 
147 174 327 544 603 888 956 1054 
148 175 328 545 604 889 957 1055 
149 176 329 546 605 890 958 1056 
150 177 330 547 606 891 959 1057 
1 178 331 548 607 892 960 1058 
2 179 332 549 608 893 961 1059 
3 180 333 550 609 894 962 1060 
4 181 334 551 610 895 963 1061 
5 182 335 552 611 896 964 1062 
6 183 336 553 612 897 965 1063 
7 184 337 554 613 898 966 1064 
8 185 338 555 614 899 967 1065 
9 186 339 556 615 900 968 1066 
10 187 340 557 616 751 969 1067 
11 188 341 558 617 752 970 1068 
12 189 342 559 618 753 971 1069 
13 190 343 560 619 754 972 1070 
14 191 344 561 620 755 973 1071 
15 192 345 562 621 756 974 1072 
16 193 346 563 622 757 975 1073 
17 194 347 564 623 758 976 1074 
18 195 348 565 624 759 977 1075 
19 196 349 566 625 760 978 1076 
20 197 350 567 626 761 979 1077 
21 198 351 568 627 762 980 1078 
22 199 352 569 628 763 981 1079 
23 200 353 570 629 764 982 1080 
24 201 354 571 630 765 983 1081 
25 202 355 572 631 766 984 1082 
26 203 356 573 632 767 985 1083 
27 204 357 574 633 768 986 1084 
28 205 358 575 634 769 987 1085 
29 206 359 576 635 770 988 1086 
30 207 360 577 636 771 989 1087 
31 208 361 578 637 772 990 1088 
32 209 362 579 638 773 991 1089 
33 210 363 580 639 774 992 1090 
34 211 364 581 640 775 993 1091 
35 212 365 582 641 776 994 1092 
36 213 366 583 642 777 995 1093 
37 214 367 584 643 778 996 1094 
38 215 368 585 644 779 997 1095 
39 216 369 586 645 780 998 1096 
40 217 370 587 646 781 999 1097 
41 218 371 588 647 782 1000 1098 
42 219 372 589 648 783 1001 1099 
43 220 373 590 649 784 1002 1100 
44 221 374 591 650 785 1003 1101 
45 222 375 592 651 786 1004 1102 
46 223 376 593 652 787 1005 1103 
47 224 377 594 653 788 1006 1104 
48 225 378 595 654 789 1007 1105 
49 226 379 596 655 790 1008 1106 
50 227 380 597 656 791 1009 1107 
51 228 381 598 657 792 1010 1108 
52 229 382 599 658 793 1011 1109 
53 230 383 600 659 794 1012 1110 
54 231 384 451 660 795 1013 1111 
55 232 385 452 661 796 1014 1112 
56 233 386 453 662 797 1015 1113 
57 234 387 454 663 798 1016 1114 
58 235 388 455 664 799 1017 1115 
59 236 389 456 665 800 1018 1116 
60 237 390 457 666 801 1019 1117 
61 238 391 458 667 802 1020 1118 
62 239 392 459 668 803 1021 1119 
63 240 393 460 669 804 1022 1120 
64 241 394 461 670 805 1023 1121 
65 242 395 462 671 806 1024 1122 
66 243 396 463 672 807 1025 1123 
67 244 397 464 673 808 1026 1124 
68 245 398 465 674 809 1027 1125 
69 246 399 466 675 810 1028 1126 
70 247 400 467 676 811 1029 1127 
71 248 401 468 677 812 1030 1128 
72 249 402 469 678 813 1031 1129 
73 250 403 470 679 814 1032 1130 
74 251 404 471 680 815 1033 1131 
75 252 405 472 681 816 1034 1132 
76 253 406 473 682 817 1035 1133 
77 254 407 474 683 818 1036 1134 
78 255 408 475 684 819 1037 1135 
79 256 409 476 685 820 1038 1136 
80 257 410 477 686 821 1039 1137 
81 258 411 478 687 822 1040 1138 
82 259 412 479 688 823 1041 1139 
83 260 413 480 689 824 1042 1140 
84 261 414 481 690 825 1043 1141 
85 262 415 482 691 826 1044 1142 
86 263 416 483 692 827 1045 1143 
87 264 417 484 693 828 1046 1144 
88 265 418 485 694 829 1047 1145 
89 266 419 486 695 830 1048 1146 
90 267 420 487 696 831 1049 1147 
91 268 421 488 697 832 1050 1148 
92 269 422 489 698 833 901 1149 
93 270 423 490 699 834 902 1150 
94 271 424 491 700 835 903 1151 
95 272 425 492 701 836 904 1152 
96 273 426 493 702 837 905 1153 
97 274 427 494 703 838 906 1154 
98 275 428 495 704 839 907 1155 
99 276 429 496 705 840 908 1156 
100 277 430 497 706 841 909 1157 
101 278 431 498 707 842 910 1158 
102 279 432 499 708 843 911 1159 
103 280 433 500 709 844 912 1160 
104 281 434 501 710 845 913 1161 
105 282 435 502 711 846 914 1162 
106 283 436 503 712 847 915 1163 
