1200 600
4 8
4 4 4 4 4 4 4 4 4 4 4 4 4 4 4 4 4 4 4 4 4 4 4 4 4 4 4 4 4 4 4 4 4 4 4 4 4 4 4 4 4 4 4 4 4 4 4 4 4 4 4 4 4 4 4 4 4 4 4 4 4 4 4 4 4 4 4 4 4 4 4 4 4 4 4 4 4 4 4 4 4 4 4 4 4 4 4 4 4 4 4 4 4 4 4 4 4 4 4 4 4 4 4 4 4 4 4 4 4 4 4 4 4 4 4 4 4 4 4 4 4 4 4 4 4 4 4 4 4 4 4 4 4 4 4 4 4 4 4 4 4 4 4 4 4 4 4 4 4 4 4 4 4 4 4 4 4 4 4 4 4 4 4 4 4 4 4 4 4 4 4 4 4 4 4 4 4 4 4 4 4 4 4 4 4 4 4 4 4 4 4 4 4 4 4 4 4 4 4 4 4 4 4 4 4 4 4 4 4 4 4 4 4 4 4 4 4 4 4 4 4 4 4 4 4 4 4 4 4 4 4 4 4 4 4 4 4 4 4 4 4 4 4 4 4 4 4 4 4 4 4 4 4 4 4 4 4 4 4 4 4 4 4 4 4 4 4 4 4 4 4 4 4 4 4 4 4 4 4 4 4 4 4 4 4 4 4 4 4 4 4 4 4 4 4 4 4 4 4 4 4 4 4 4 4 4 4 4 4 4 4 4 4 4 4 4 4 4 4 4 4 4 4 4 4 4 4 4 4 4 4 4 4 4 4 4 4 4 4 4 4 4 4 4 4 4 4 4 4 4 4 4 4 4 4 4 4 4 4 4 4 4 4 4 4 4 4 4 4 4 4 4 4 4 4 4 4 4 4 4 4 4 4 4 4 4 4 4 4 4 4 4 4 4 4 4 4 4 4 4 4 4 4 4 4 4 4 4 4 4 4 4 4 4 4 4 4 4 4 4 4 4 4 4 4 4 4 4 4 4 4 4 4 4 4 4 4 4 4 4 4 4 4 4 4 4 4 4 4 4 4 4 4 4 4 4 4 4 4 4 4 4 4 4 4 4 4 4 4 4 4 4 4 4 4 4 4 4 4 4 4 4 4 4 4 4 4 4 4 4 4 4 4 4 4 4 4 4 4 4 4 4 4 4 4 4 4 4 4 4 4 4 4 4 4 4 4 4 4 4 4 4 4 4 4 4 4 4 4 4 4 4 4 4 4 4 4 4 4 4 4 4 4 4 4 4 4 4 4 4 4 4 4 4 4 4 4 4 4 4 4 4 4 4 4 4 4 4 4 4 4 4 4 4 4 4 4 4 4 4 4 4 4 4 4 4 4 4 4 4 4 4 4 4 4 4 4 4 4 4 4 4 4 4 4 4 4 4 4 4 4 4 4 4 4 4 4 4 4 4 4 4 4 4 4 4 4 4 4 4 4 4 4 4 4 4 4 4 4 4 4 4 4 4 4 4 4 4 4 4 4 4 4 4 4 4 4 4 4 4 4 4 4 4 4 4 4 4 4 4 4 4 4 4 4 4 4 4 4 4 4 4 4 4 4 4 4 4 4 4 4 4 4 4 4 4 4 4 4 4 4 4 4 4 4 4 4 4 4 4 4 4 4 4 4 4 4 4 4 4 4 4 4 4 4 4 4 4 4 4 4 4 4 4 4 4 4 4 4 4 4 4 4 4 4 4 4 4 4 4 4 4 4 4 4 4 4 4 4 4 4 4 4 4 4 4 4 4 4 4 4 4 4 4 4 4 4 4 4 4 4 4 4 4 4 4 4 4 4 4 4 4 4 4 4 4 4 4 4 4 4 4 4 4 4 4 4 4 4 4 4 4 4 4 4 4 4 4 4 4 4 4 4 4 4 4 4 4 4 4 4 4 4 4 4 4 4 4 4 4 4 4 4 4 4 4 4 4 4 4 4 4 4 4 4 4 4 4 4 4 4 4 4 4 4 4 4 4 4 4 4 4 4 4 4 4 4 4 4 4 4 4 4 4 4 4 4 4 4 4 4 4 4 4 4 4 4 4 4 4 4 4 4 4 4 4 4 4 4 4 4 4 4 4 4 4 4 4 4 4 4 4 4 4 4 4 4 4 4 4 4 4 4 4 4 4 4 4 4 4 4 4 4 4 4 4 4 4 4 4 4 4 4 4 4 4 4 4 4 4 4 4 4 4 4 4 4 4 4 4 4 4 4 4 4 4 4 4 4 4 4 4 4 4 4 4 4 4 4 4 4 4 4 4 4 4 4 4 4 4 4 4 4 4 4 4 4 4 4 4 4 4 4 4 4 4 4 4 4 4 4 4 4 4 4 4 4 4 4 4 4 4 4 4 4 4 4 4 4 4 4 4 4 4 4 4 4 4 4 4 4 4 4 4 4 4 4 4 4 4 4 4 4 4 4 4 4 4 4 4 4 4 4 4 4 4 4 4 4 4 4 4 4 4 4 4 4 4 4 4 4 4 4 4 4 4 4 4 4 4 4 4 4 4 4 4 4 4 4 4 4 4 4 4 4 4 4 4 4 4 4 4 4 4 4 4 4 4 4 4 4 4 4 4 4 4 4 4 4 4 4 4 4 4 4 4 4 4 4 4 4 4 4 4 4 4 4 4 4 4 4 4 4 4 4 4 4 4 4 4 4 4 4 4 4 4 4 4 4 4 4 4 4 4 4 4 4 4 4 4 4 4 4 4 4 4 4 4 4 4 
8 8 8 8 8 8 8 8 8 8 8 8 8 8 8 8 8 8 8 8 8 8 8 8 8 8 8 8 8 8 8 8 8 8 8 8 8 8 8 8 8 8 8 8 8 8 8 8 8 8 8 8 8 8 8 8 8 8 8 8 8 8 8 8 8 8 8 8 8 8 8 8 8 8 8 8 8 8 8 8 8 8 8 8 8 8 8 8 8 8 8 8 8 8 8 8 8 8 8 8 8 8 8 8 8 8 8 8 8 8 8 8 8 8 8 8 8 8 8 8 8 8 8 8 8 8 8 8 8 8 8 8 8 8 8 8 8 8 8 8 8 8 8 8 8 8 8 8 8 8 8 8 8 8 8 8 8 8 8 8 8 8 8 8 8 8 8 8 8 8 8 8 8 8 8 8 8 8 8 8 8 8 8 8 8 8 8 8 8 8 8 8 8 8 8 8 8 8 8 8 8 8 8 8 8 8 8 8 8 8 8 8 8 8 8 8 8 8 8 8 8 8 8 8 8 8 8 8 8 8 8 8 8 8 8 8 8 8 8 8 8 8 8 8 8 8 8 8 8 8 8 8 8 8 8 8 8 8 8 8 8 8 8 8 8 8 8 8 8 8 8 8 8 8 8 8 8 8 8 8 8 8 8 8 8 8 8 8 8 8 8 8 8 8 8 8 8 8 8 8 8 8 8 8 8 8 8 8 8 8 8 8 8 8 8 8 8 8 8 8 8 8 8 8 8 8 8 8 8 8 8 8 8 8 8 8 8 8 8 8 8 8 8 8 8 8 8 8 8 8 8 8 8 8 8 8 8 8 8 8 8 8 8 8 8 8 8 8 8 8 8 8 8 8 8 8 8 8 8 8 8 8 8 8 8 8 8 8 8 8 8 8 8 8 8 8 8 8 8 8 8 8 8 8 8 8 8 8 8 8 8 8 8 8 8 8 8 8 8 8 8 8 8 8 8 8 8 8 8 8 8 8 8 8 8 8 8 8 8 8 8 8 8 8 8 8 8 8 8 8 8 8 8 8 8 8 8 8 8 8 8 8 8 8 8 8 8 8 8 8 8 8 8 8 8 8 8 8 8 8 8 8 8 8 8 8 8 8 8 8 8 8 8 8 8 8 8 8 8 8 8 8 8 8 8 8 8 8 8 8 8 8 8 8 8 8 8 8 8 8 8 8 8 8 8 8 8 8 8 8 8 8 8 8 8 8 8 8 8 8 8 8 8 8 8 8 8 8 8 8 8 8 8 8 8 8 8 8 8 8 8 8 8 8 8 8 8 8 8 8 8 8 8 8 8 8 8 8 8 8 8 8 8 8 8 8 8 8 8 8 8 8 8 8 8 8 8 8 8 8 
1 151 301 451 
2 152 302 452 
3 153 303 453 
4 154 304 454 
5 155 305 455 
6 156 306 456 
7 157 307 457 
8 158 308 458 
9 159 309 459 
10 160 310 460 
11 161 311 461 
12 162 312 462 
13 163 313 463 
14 164 314 464 
15 165 315 465 
16 166 316 466 
17 167 317 467 
18 168 318 468 
19 169 319 469 
20 170 320 470 
21 171 321 471 
22 172 322 472 
23 173 323 473 
24 174 324 474 
25 175 325 475 
26 176 326 476 
27 177 327 477 
28 178 328 478 
29 179 329 479 
30 180 330 480 
31 181 331 481 
32 182 332 482 
33 183 333 483 
34 184 334 484 
35 185 335 485 
36 186 336 486 
37 187 337 487 
38 188 338 488 
39 189 339 489 
40 190 340 490 
41 191 341 491 
42 192 342 492 
43 193 343 493 
44 194 344 494 
45 195 345 495 
46 196 346 496 
47 197 347 497 
48 198 348 498 
49 199 349 499 
50 200 350 500 
51 201 351 501 
52 202 352 502 
53 203 353 503 
54 204 354 504 
55 205 355 505 
56 206 356 506 
57 207 357 507 
58 208 358 508 
59 209 359 509 
60 210 360 510 
61 211 361 511 
62 212 362 512 
63 213 363 513 
64 214 364 514 
65 215 365 515 
66 216 366 516 
67 217 367 517 
68 218 368 518 
69 219 369 519 
70 220 370 520 
71 221 371 521 
72 222 372 522 
73 223 373 523 
74 224 374 524 
75 225 375 525 
76 226 376 526 
77 227 377 527 
78 228 378 528 
79 229 379 529 
80 230 380 530 
81 231 381 531 
82 232 382 532 
83 233 383 533 
84 234 384 534 
85 235 385 535 
86 236 386 536 
87 237 387 537 
88 238 388 538 
89 239 389 539 
90 240 390 540 
91 241 391 541 
92 242 392 542 
93 243 393 543 
94 244 394 544 
95 245 395 545 
96 246 396 546 
97 247 397 547 
98 248 398 548 
99 249 399 549 
100 250 400 550 
101 251 401 551 
102 252 402 552 
103 253 403 553 
104 254 404 554 
105 255 405 555 
106 256 406 556 
107 257 407 557 
108 258 408 558 
109 259 409 559 
110 260 410 560 
111 261 411 561 
112 262 412 562 
113 263 413 563 
114 264 414 564 
115 265 415 565 
116 266 416 566 
117 267 417 567 
118 268 418 568 
119 269 419 569 
120 270 420 570 
121 271 421 571 
122 272 422 572 
123 273 423 573 
124 274 424 574 
125 275 425 575 
126 276 426 576 
127 277 427 577 
128 278 428 578 
129 279 429 579 
130 280 430 580 
131 281 431 581 
132 282 432 582 
133 283 433 583 
134 284 434 584 
135 285 435 585 
136 286 436 586 
137 287 437 587 
138 288 438 588 
139 289 439 589 
140 290 440 590 
141 291 441 591 
142 292 442 592 
143 293 443 593 
144 294 444 594 
145 295 445 595 
146 296 446 596 
147 297 447 597 
148 298 448 598 
149 299 449 599 
150 300 450 600 
1 300 442 591 
2 151 443 592 
3 152 444 593 
4 153 445 594 
5 154 446 595 
6 155 447 596 
7 156 448 597 
8 157 449 598 
9 158 450 599 
10 159 301 600 
11 160 302 451 
12 161 303 452 
13 162 304 453 
14 163 305 454 
15 164 306 455 
16 165 307 456 
17 166 308 457 
18 167 309 458 
19 168 310 459 
20 169 311 460 
21 170 312 461 
22 171 313 462 
23 172 314 463 
24 173 315 464 
25 174 316 465 
26 175 317 466 
27 176 318 467 
28 177 319 468 
29 178 320 469 
30 179 321 470 
31 180 322 471 
32 181 323 472 
33 182 324 473 
34 183 325 474 
35 184 326 475 
36 185 327 476 
37 186 328 477 
38 187 329 478 
39 188 330 479 
40 189 331 480 
41 190 332 481 
42 191 333 482 
43 192 334 483 
44 193 335 484 
45 194 336 485 
46 195 337 486 
47 196 338 487 
48 197 339 488 
49 198 340 489 
50 199 341 490 
51 200 342 491 
52 201 343 492 
53 202 344 493 
54 203 345 494 
55 204 346 495 
56 205 347 496 
57 206 348 497 
58 207 349 498 
59 208 350 499 
60 209 351 500 
61 210 352 501 
62 211 353 502 
63 212 354 503 
64 213 355 504 
65 214 356 505 
66 215 357 506 
67 216 358 507 
68 217 359 508 
69 218 360 509 
70 219 361 510 
71 220 362 511 
72 221 363 512 
73 222 364 513 
74 223 365 514 
75 224 366 515 
76 225 367 516 
77 226 368 517 
78 227 369 518 
79 228 370 519 
80 229 371 520 
81 230 372 521 
82 231 373 522 
83 232 374 523 
84 233 375 524 
85 234 376 525 
86 235 377 526 
87 236 378 527 
88 237 379 528 
89 238 380 529 
90 239 381 530 
91 240 382 531 
92 241 383 532 
93 242 384 533 
94 243 385 534 
95 244 386 535 
96 245 387 536 
97 246 388 537 
98 247 389 538 
99 248 390 539 
100 249 391 540 
101 250 392 541 
102 251 393 542 
103 252 394 543 
104 253 395 544 
105 254 396 545 
106 255 397 546 
107 256 398 547 
108 257 399 548 
109 258 400 549 
110 259 401 550 
111 260 402 551 
112 261 403 552 
113 262 404 553 
114 263 405 554 
115 264 406 555 
116 265 407 556 
117 266 408 557 
118 267 409 558 
119 268 410 559 
120 269 411 560 
121 270 412 561 
122 271 413 562 
123 272 414 563 
124 273 415 564 
125 274 416 565 
126 275 417 566 
127 276 418 567 
128 277 419 568 
129 278 420 569 
130 279 421 570 
131 280 422 571 
132 281 423 572 
133 282 424 573 
134 283 425 574 
135 284 426 575 
136 285 427 576 
137 286 428 577 
138 287 429 578 
139 288 430 579 
140 289 431 580 
141 290 432 581 
142 291 433 582 
143 292 434 583 
144 293 435 584 
145 294 436 585 
146 295 437 586 
147 296 438 587 
148 297 439 588 
149 298 440 589 
150 299 441 590 
1 299 433 581 
2 300 434 582 
3 151 435 583 
4 152 436 584 
5 153 437 585 
6 154 438 586 
7 155 439 587 
8 156 440 588 
9 157 441 589 
10 158 442 590 
11 159 443 591 
12 160 444 592 
13 161 445 593 
14 162 446 594 
15 163 447 595 
16 164 448 596 
17 165 449 597 
18 166 450 598 
19 167 301 599 
20 168 302 600 
21 169 303 451 
22 170 304 452 
23 171 305 453 
24 172 306 454 
25 173 307 455 
26 174 308 456 
27 175 309 457 
28 176 310 458 
29 177 311 459 
30 178 312 460 
31 179 313 461 
32 180 314 462 
33 181 315 463 
34 182 316 464 
35 183 317 465 
36 184 318 466 
37 185 319 467 
38 186 320 468 
39 187 321 469 
40 188 322 470 
41 189 323 471 
42 190 324 472 
43 191 325 473 
44 192 326 474 
45 193 327 475 
46 194 328 476 
47 195 329 477 
48 196 330 478 
49 197 331 479 
50 198 332 480 
51 199 333 481 
52 200 334 482 
53 201 335 483 
54 202 336 484 
55 203 337 485 
56 204 338 486 
57 205 339 487 
58 206 340 488 
59 207 341 489 
60 208 342 490 
61 209 343 491 
62 210 344 492 
63 211 345 493 
64 212 346 494 
65 213 347 495 
66 214 348 496 
67 215 349 497 
68 216 350 498 
69 217 351 499 
70 218 352 500 
71 219 353 501 
72 220 354 502 
73 221 355 503 
74 222 356 504 
75 223 357 505 
76 224 358 506 
77 225 359 507 
78 226 360 508 
79 227 361 509 
80 228 362 510 
81 229 363 511 
82 230 364 512 
83 231 365 513 
84 232 366 514 
85 233 367 515 
86 234 368 516 
87 235 369 517 
88 236 370 518 
89 237 371 519 
90 238 372 520 
91 239 373 521 
92 240 374 522 
93 241 375 523 
94 242 376 524 
95 243 377 525 
96 244 378 526 
97 245 379 527 
98 246 380 528 
99 247 381 529 
100 248 382 530 
101 249 383 531 
102 250 384 532 
103 251 385 533 
104 252 386 534 
105 253 387 535 
106 254 388 536 
107 255 389 537 
108 256 390 538 
109 257 391 539 
110 258 392 540 
111 259 393 541 
112 260 394 542 
113 261 395 543 
114 262 396 544 
115 263 397 545 
116 264 398 546 
117 265 399 547 
118 266 400 548 
119 267 401 549 
120 268 402 550 
121 269 403 551 
122 270 404 552 
123 271 405 553 
124 272 406 554 
125 273 407 555 
126 274 408 556 
127 275 409 557 
128 276 410 558 
129 277 411 559 
130 278 412 560 
131 279 413 561 
132 280 414 562 
133 281 415 563 
134 282 416 564 
135 283 417 565 
136 284 418 566 
137 285 419 567 
138 286 420 568 
139 287 421 569 
140 288 422 570 
141 289 423 571 
142 290 424 572 
143 291 425 573 
144 292 426 574 
145 293 427 575 
146 294 428 576 
147 295 429 577 
148 296 430 578 
149 297 431 579 
150 298 432 580 
1 298 424 571 
2 299 425 572 
3 300 426 573 
4 151 427 574 
5 152 428 575 
6 153 429 576 
7 154 430 577 
8 155 431 578 
9 156 432 579 
10 157 433 580 
11 158 434 581 
12 159 435 582 
13 160 436 583 
14 161 437 584 
15 162 438 585 
16 163 439 586 
17 164 440 587 
18 165 441 588 
19 166 442 589 
20 167 443 590 
21 168 444 591 
22 169 445 592 
23 170 446 593 
24 171 447 594 
25 172 448 595 
26 173 449 596 
27 174 450 597 
28 175 301 598 
29 176 302 599 
30 177 303 600 
31 178 304 451 
32 179 305 452 
33 180 306 453 
34 181 307 454 
35 182 308 455 
36 183 309 456 
37 184 310 457 
38 185 311 458 
39 186 312 459 
40 187 313 460 
41 188 314 461 
42 189 315 462 
43 190 316 463 
44 191 317 464 
45 192 318 465 
46 193 319 466 
47 194 320 467 
48 195 321 468 
49 196 322 469 
50 197 323 470 
51 198 324 471 
52 199 325 472 
53 200 326 473 
54 201 327 474 
55 202 328 475 
56 203 329 476 
57 204 330 477 
58 205 331 478 
59 206 332 479 
60 207 333 480 
61 208 334 481 
62 209 335 482 
63 210 336 483 
64 211 337 484 
65 212 338 485 
66 213 339 486 
67 214 340 487 
68 215 341 488 
69 216 342 489 
70 217 343 490 
71 218 344 491 
72 219 345 492 
73 220 346 493 
74 221 347 494 
75 222 348 495 
76 223 349 496 
77 224 350 497 
78 225 351 498 
79 226 352 499 
80 227 353 500 
81 228 354 501 
82 229 355 502 
83 230 356 503 
84 231 357 504 
85 232 358 505 
86 233 359 506 
87 234 360 507 
88 235 361 508 
89 236 362 509 
90 237 363 510 
91 238 364 511 
92 239 365 512 
93 240 366 513 
94 241 367 514 
95 242 368 515 
96 243 369 516 
97 244 370 517 
98 245 371 518 
99 246 372 519 
100 247 373 520 
101 248 374 521 
102 249 375 522 
103 250 376 523 
104 251 377 524 
105 252 378 525 
106 253 379 526 
107 254 380 527 
108 255 381 528 
109 256 382 529 
110 257 383 530 
111 258 384 531 
112 259 385 532 
113 260 386 533 
114 261 387 534 
115 262 388 535 
116 263 389 536 
117 264 390 537 
118 265 391 538 
119 266 392 539 
120 267 393 540 
121 268 394 541 
122 269 395 542 
123 270 396 543 
124 271 397 544 
125 272 398 545 
126 273 399 546 
127 274 400 547 
128 275 401 548 
129 276 402 549 
130 277 403 550 
131 278 404 551 
132 279 405 552 
133 280 406 553 
134 281 407 554 
135 282 408 555 
136 283 409 556 
137 284 410 557 
138 285 411 558 
139 286 412 559 
140 287 413 560 
141 288 414 561 
142 289 415 562 
143 290 416 563 
144 291 417 564 
145 292 418 565 
146 293 419 566 
147 294 420 567 
148 295 421 568 
149 296 422 569 
150 297 423 570 
1 296 406 551 
2 297 407 552 
3 298 408 553 
4 299 409 554 
5 300 410 555 
6 151 411 556 
7 152 412 557 
8 153 413 558 
9 154 414 559 
10 155 415 560 
11 156 416 561 
12 157 417 562 
13 158 418 563 
14 159 419 564 
15 160 420 565 
16 161 421 566 
17 162 422 567 
18 163 423 568 
19 164 424 569 
20 165 425 570 
21 166 426 571 
22 167 427 572 
23 168 428 573 
24 169 429 574 
25 170 430 575 
26 171 431 576 
27 172 432 577 
28 173 433 578 
29 174 434 579 
30 175 435 580 
31 176 436 581 
32 177 437 582 
33 178 438 583 
34 179 439 584 
35 180 440 585 
36 181 441 586 
37 182 442 587 
38 183 443 588 
39 184 444 589 
40 185 445 590 
41 186 446 591 
42 187 447 592 
43 188 448 593 
44 189 449 594 
45 190 450 595 
46 191 301 596 
47 192 302 597 
48 193 303 598 
49 194 304 599 
50 195 305 600 
51 196 306 451 
52 197 307 452 
53 198 308 453 
54 199 309 454 
55 200 310 455 
56 201 311 456 
57 202 312 457 
58 203 313 458 
59 204 314 459 
60 205 315 460 
61 206 316 461 
62 207 317 462 
63 208 318 463 
64 209 319 464 
65 210 320 465 
66 211 321 466 
67 212 322 467 
68 213 323 468 
69 214 324 469 
70 215 325 470 
71 216 326 471 
72 217 327 472 
73 218 328 473 
74 219 329 474 
75 220 330 475 
76 221 331 476 
77 222 332 477 
78 223 333 478 
79 224 334 479 
80 225 335 480 
81 226 336 481 
82 227 337 482 
83 228 338 483 
84 229 339 484 
85 230 340 485 
86 231 341 486 
87 232 342 487 
88 233 343 488 
89 234 344 489 
90 235 345 490 
91 236 346 491 
92 237 347 492 
93 238 348 493 
94 239 349 494 
95 240 350 495 
96 241 351 496 
97 242 352 497 
98 243 353 498 
99 244 354 499 
100 245 355 500 
101 246 356 501 
102 247 357 502 
103 248 358 503 
104 249 359 504 
105 250 360 505 
106 251 361 506 
107 252 362 507 
108 253 363 508 
109 254 364 509 
110 255 365 510 
111 256 366 511 
112 257 367 512 
113 258 368 513 
114 259 369 514 
115 260 370 515 
116 261 371 516 
117 262 372 517 
118 263 373 518 
119 264 374 519 
120 265 375 520 
121 266 376 521 
122 267 377 522 
123 268 378 523 
124 269 379 524 
125 270 380 525 
126 271 381 526 
127 272 382 527 
128 273 383 528 
129 274 384 529 
130 275 385 530 
131 276 386 531 
132 277 387 532 
133 278 388 533 
134 279 389 534 
135 280 390 535 
136 281 391 536 
137 282 392 537 
138 283 393 538 
139 284 394 539 
140 285 395 540 
141 286 396 541 
142 287 397 542 
143 288 398 543 
144 289 399 544 
145 290 400 545 
146 291 401 546 
147 292 402 547 
148 293 403 548 
149 294 404 549 
150 295 405 550 
1 295 397 541 
2 296 398 542 
3 297 399 543 
4 298 400 544 
5 299 401 545 
6 300 402 546 
7 151 403 547 
8 152 404 548 
9 153 405 549 
10 154 406 550 
11 155 407 551 
12 156 408 552 
13 157 409 553 
14 158 410 554 
15 159 411 555 
16 160 412 556 
17 161 413 557 
18 162 414 558 
19 163 415 559 
20 164 416 560 
21 165 417 561 
22 166 418 562 
23 167 419 563 
24 168 420 564 
25 169 421 565 
26 170 422 566 
27 171 423 567 
28 172 424 568 
29 173 425 569 
30 174 426 570 
31 175 427 571 
32 176 428 572 
33 177 429 573 
34 178 430 574 
35 179 431 575 
36 180 432 576 
37 181 433 577 
38 182 434 578 
39 183 435 579 
40 184 436 580 
41 185 437 581 
42 186 438 582 
43 187 439 583 
44 188 440 584 
45 189 441 585 
46 190 442 586 
47 191 443 587 
48 192 444 588 
49 193 445 589 
50 194 446 590 
51 195 447 591 
52 196 448 592 
53 197 449 593 
54 198 450 594 
55 199 301 595 
56 200 302 596 
57 201 303 597 
58 202 304 598 
59 203 305 599 
60 204 306 600 
61 205 307 451 
62 206 308 452 
63 207 309 453 
64 208 310 454 
65 209 311 455 
66 210 312 456 
67 211 313 457 
68 212 314 458 
69 213 315 459 
70 214 316 460 
71 215 317 461 
72 216 318 462 
73 217 319 463 
74 218 320 464 
75 219 321 465 
76 220 322 466 
77 221 323 467 
78 222 324 468 
79 223 325 469 
80 224 326 470 
81 225 327 471 
82 226 328 472 
83 227 329 473 
84 228 330 474 
85 229 331 475 
86 230 332 476 
87 231 333 477 
88 232 334 478 
89 233 335 479 
90 234 336 480 
91 235 337 481 
92 236 338 482 
93 237 339 483 
94 238 340 484 
95 239 341 485 
96 240 342 486 
97 241 343 487 
98 242 344 488 
99 243 345 489 
100 244 346 490 
101 245 347 491 
102 246 348 492 
103 247 349 493 
104 248 350 494 
105 249 351 495 
106 250 352 496 
107 251 353 497 
108 252 354 498 
109 253 355 499 
110 254 356 500 
111 255 357 501 
112 256 358 502 
113 257 359 503 
114 258 360 504 
115 259 361 505 
116 260 362 506 
117 261 363 507 
118 262 364 508 
119 263 365 509 
120 264 366 510 
121 265 367 511 
122 266 368 512 
123 267 369 513 
124 268 370 514 
125 269 371 515 
126 270 372 516 
127 271 373 517 
128 272 374 518 
129 273 375 519 
130 274 376 520 
131 275 377 521 
132 276 378 522 
133 277 379 523 
134 278 380 524 
135 279 381 525 
136 280 382 526 
137 281 383 527 
138 282 384 528 
139 283 385 529 
140 284 386 530 
141 285 387 531 
142 286 388 532 
143 287 389 533 
144 288 390 534 
145 289 391 535 
146 290 392 536 
147 291 393 537 
148 292 394 538 
149 293 395 539 
150 294 396 540 
1 294 388 531 
2 295 389 532 
3 296 390 533 
4 297 391 534 
5 298 392 535 
6 299 393 536 
7 300 394 537 
8 151 395 538 
9 152 396 539 
10 153 397 540 
11 154 398 541 
12 155 399 542 
13 156 400 543 
14 157 401 544 
15 158 402 545 
16 159 403 546 
17 160 404 547 
18 161 405 548 
19 162 406 549 
20 163 407 550 
21 164 408 551 
22 165 409 552 
23 166 410 553 
24 167 411 554 
25 168 412 555 
26 169 413 556 
27 170 414 557 
28 171 415 558 
29 172 416 559 
30 173 417 560 
31 174 418 561 
32 175 419 562 
33 176 420 563 
34 177 421 564 
35 178 422 565 
36 179 423 566 
37 180 424 567 
38 181 425 568 
39 182 426 569 
40 183 427 570 
41 184 428 571 
42 185 429 572 
43 186 430 573 
44 187 431 574 
45 188 432 575 
46 189 433 576 
47 190 434 577 
48 191 435 578 
49 192 436 579 
50 193 437 580 
51 194 438 581 
52 195 439 582 
53 196 440 583 
54 197 441 584 
55 198 442 585 
56 199 443 586 
57 200 444 587 
58 201 445 588 
59 202 446 589 
60 203 447 590 
61 204 448 591 
62 205 449 592 
63 206 450 593 
64 207 301 594 
65 208 302 595 
66 209 303 596 
67 210 304 597 
68 211 305 598 
69 212 306 599 
70 213 307 600 
71 214 308 451 
72 215 309 452 
73 216 310 453 
74 217 311 454 
75 218 312 455 
76 219 313 456 
77 220 314 457 
78 221 315 458 
79 222 316 459 
80 223 317 460 
81 224 318 461 
82 225 319 462 
83 226 320 463 
84 227 321 464 
85 228 322 465 
86 229 323 466 
87 230 324 467 
88 231 325 468 
89 232 326 469 
90 233 327 470 
91 234 328 471 
92 235 329 472 
93 236 330 473 
94 237 331 474 
95 238 332 475 
96 239 333 476 
97 240 334 477 
98 241 335 478 
99 242 336 479 
100 243 337 480 
101 244 338 481 
102 245 339 482 
103 246 340 483 
104 247 341 484 
105 248 342 485 
106 249 343 486 
107 250 344 487 
108 251 345 488 
109 252 346 489 
110 253 347 490 
111 254 348 491 
112 255 349 492 
113 256 350 493 
114 257 351 494 
115 258 352 495 
116 259 353 496 
117 260 354 497 
118 261 355 498 
119 262 356 499 
120 263 357 500 
121 264 358 501 
122 265 359 502 
123 266 360 503 
124 267 361 504 
125 268 362 505 
126 269 363 506 
127 270 364 507 
128 271 365 508 
129 272 366 509 
130 273 367 510 
131 274 368 511 
132 275 369 512 
133 276 370 513 
134 277 371 514 
135 278 372 515 
136 279 373 516 
137 280 374 517 
138 281 375 518 
139 282 376 519 
140 283 377 520 
141 284 378 521 
142 285 379 522 
143 286 380 523 
144 287 381 524 
145 288 382 525 
146 289 383 526 
147 290 384 527 
148 291 385 528 
149 292 386 529 
150 293 387 530 
1 293 379 521 
2 294 380 522 
3 295 381 523 
4 296 382 524 
5 297 383 525 
6 298 384 526 
7 299 385 527 
8 300 386 528 
9 151 387 529 
10 152 388 530 
11 153 389 531 
12 154 390 532 
13 155 391 533 
14 156 392 534 
15 157 393 535 
16 158 394 536 
17 159 395 537 
18 160 396 538 
19 161 397 539 
20 162 398 540 
21 163 399 541 
22 164 400 542 
23 165 401 543 
24 166 402 544 
25 167 403 545 
26 168 404 546 
27 169 405 547 
28 170 406 548 
29 171 407 549 
30 172 408 550 
31 173 409 551 
32 174 410 552 
33 175 411 553 
34 176 412 554 
35 177 413 555 
36 178 414 556 
37 179 415 557 
38 180 416 558 
39 181 417 559 
40 182 418 560 
41 183 419 561 
42 184 420 562 
43 185 421 563 
44 186 422 564 
45 187 423 565 
46 188 424 566 
47 189 425 567 
48 190 426 568 
49 191 427 569 
50 192 428 570 
51 193 429 571 
52 194 430 572 
53 195 431 573 
54 196 432 574 
55 197 433 575 
56 198 434 576 
57 199 435 577 
58 200 436 578 
59 201 437 579 
60 202 438 580 
61 203 439 581 
62 204 440 582 
63 205 441 583 
64 206 442 584 
65 207 443 585 
66 208 444 586 
67 209 445 587 
68 210 446 588 
69 211 447 589 
70 212 448 590 
71 213 449 591 
72 214 450 592 
73 215 301 593 
74 216 302 594 
75 217 303 595 
76 218 304 596 
77 219 305 597 
78 220 306 598 
79 221 307 599 
80 222 308 600 
81 223 309 451 
82 224 310 452 
83 225 311 453 
84 226 312 454 
85 227 313 455 
86 228 314 456 
87 229 315 457 
88 230 316 458 
89 231 317 459 
90 232 318 460 
91 233 319 461 
92 234 320 462 
93 235 321 463 
94 236 322 464 
95 237 323 465 
96 238 324 466 
97 239 325 467 
98 240 326 468 
99 241 327 469 
100 242 328 470 
101 243 329 471 
102 244 330 472 
103 245 331 473 
104 246 332 474 
105 247 333 475 
106 248 334 476 
107 249 335 477 
108 250 336 478 
109 251 337 479 
110 252 338 480 
111 253 339 481 
112 254 340 482 
113 255 341 483 
114 256 342 484 
115 257 343 485 
116 258 344 486 
117 259 345 487 
118 260 346 488 
119 261 347 489 
120 262 348 490 
121 263 349 491 
122 264 350 492 
123 265 351 493 
124 266 352 494 
125 267 353 495 
126 268 354 496 
127 269 355 497 
128 270 356 498 
129 271 357 499 
130 272 358 500 
131 273 359 501 
132 274 360 502 
133 275 361 503 
134 276 362 504 
135 277 363 505 
136 278 364 506 
137 279 365 507 
138 280 366 508 
139 281 367 509 
140 282 368 510 
141 283 369 511 
142 284 370 512 
143 285 371 513 
144 286 372 514 
145 287 373 515 
146 288 374 516 
147 289 375 517 
148 290 376 518 
149 291 377 519 
150 292 378 520 
1 151 301 451 601 751 901 1051 
2 152 302 452 602 752 902 1052 
3 153 303 453 603 753 903 1053 
4 154 304 454 604 754 904 1054 
5 155 305 455 605 755 905 1055 
6 156 306 456 606 756 906 1056 
7 157 307 457 607 757 907 1057 
8 158 308 458 608 758 908 1058 
9 159 309 459 609 759 909 1059 
10 160 310 460 610 760 910 1060 
11 161 311 461 611 761 911 1061 
12 162 312 462 612 762 912 1062 
13 163 313 463 613 763 913 1063 
14 164 314 464 614 764 914 1064 
15 165 315 465 615 765 915 1065 
16 166 316 466 616 766 916 1066 
17 167 317 467 617 767 917 1067 
18 168 318 468 618 768 918 1068 
19 169 319 469 619 769 919 1069 
20 170 320 470 620 770 920 1070 
21 171 321 471 621 771 921 1071 
22 172 322 472 622 772 922 1072 
23 173 323 473 623 773 923 1073 
24 174 324 474 624 774 924 1074 
25 175 325 475 625 775 925 1075 
26 176 326 476 626 776 926 1076 
27 177 327 477 627 777 927 1077 
28 178 328 478 628 778 928 1078 
29 179 329 479 629 779 929 1079 
30 180 330 480 630 780 930 1080 
31 181 331 481 631 781 931 1081 
32 182 332 482 632 782 932 1082 
33 183 333 483 633 783 933 1083 
34 184 334 484 634 784 934 1084 
35 185 335 485 635 785 935 1085 
36 186 336 486 636 786 936 1086 
37 187 337 487 637 787 937 1087 
38 188 338 488 638 788 938 1088 
39 189 339 489 639 789 939 1089 
40 190 340 490 640 790 940 1090 
41 191 341 491 641 791 941 1091 
42 192 342 492 642 792 942 1092 
43 193 343 493 643 793 943 1093 
44 194 344 494 644 794 944 1094 
45 195 345 495 645 795 945 1095 
46 196 346 496 646 796 946 1096 
47 197 347 497 647 797 947 1097 
48 198 348 498 648 798 948 1098 
49 199 349 499 649 799 949 1099 
50 200 350 500 650 800 950 1100 
51 201 351 501 651 801 951 1101 
52 202 352 502 652 802 952 1102 
53 203 353 503 653 803 953 1103 
54 204 354 504 654 804 954 1104 
55 205 355 505 655 805 955 1105 
56 206 356 506 656 806 956 1106 
57 207 357 507 657 807 957 1107 
58 208 358 508 658 808 958 1108 
59 209 359 509 659 809 959 1109 
60 210 360 510 660 810 960 1110 
61 211 361 511 661 811 961 1111 
62 212 362 512 662 812 962 1112 
63 213 363 513 663 813 963 1113 
64 214 364 514 664 814 964 1114 
65 215 365 515 665 815 965 1115 
66 216 366 516 666 816 966 1116 
67 217 367 517 667 817 967 1117 
68 218 368 518 668 818 968 1118 
69 219 369 519 669 819 969 1119 
70 220 370 520 670 820 970 1120 
71 221 371 521 671 821 971 1121 
72 222 372 522 672 822 972 1122 
73 223 373 523 673 823 973 1123 
74 224 374 524 674 824 974 1124 
75 225 375 525 675 825 975 1125 
76 226 376 526 676 826 976 1126 
77 227 377 527 677 827 977 1127 
78 228 378 528 678 828 978 1128 
79 229 379 529 679 829 979 1129 
80 230 380 530 680 830 980 1130 
81 231 381 531 681 831 981 1131 
82 232 382 532 682 832 982 1132 
83 233 383 533 683 833 983 1133 
84 234 384 534 684 834 984 1134 
85 235 385 535 685 835 985 1135 
86 236 386 536 686 836 986 1136 
87 237 387 537 687 837 987 1137 
88 238 388 538 688 838 988 1138 
89 239 389 539 689 839 989 1139 
90 240 390 540 690 840 990 1140 
91 241 391 541 691 841 991 1141 
92 242 392 542 692 842 992 1142 
93 243 393 543 693 843 993 1143 
94 244 394 544 694 844 994 1144 
95 245 395 545 695 845 995 1145 
96 246 396 546 696 846 996 1146 
97 247 397 547 697 847 997 1147 
98 248 398 548 698 848 998 1148 
99 249 399 549 699 849 999 1149 
100 250 400 550 700 850 1000 1150 
101 251 401 551 701 851 1001 1151 
102 252 402 552 702 852 1002 1152 
103 253 403 553 703 853 1003 1153 
104 254 404 554 704 854 1004 1154 
105 255 405 555 705 855 1005 1155 
106 256 406 556 706 856 1006 1156 
107 257 407 557 707 857 1007 1157 
108 258 408 558 708 858 1008 1158 
109 259 409 559 709 859 1009 1159 
110 260 410 560 710 860 1010 1160 
111 261 411 561 711 861 1011 1161 
112 262 412 562 712 862 1012 1162 
113 263 413 563 713 863 1013 1163 
114 264 414 564 714 864 1014 1164 
115 265 415 565 715 865 1015 1165 
116 266 416 566 716 866 1016 1166 
117 267 417 567 717 867 1017 1167 
118 268 418 568 718 868 1018 1168 
119 269 419 569 719 869 1019 1169 
120 270 420 570 720 870 1020 1170 
121 271 421 571 721 871 1021 1171 
122 272 422 572 722 872 1022 1172 
123 273 423 573 723 873 1023 1173 
124 274 424 574 724 874 1024 1174 
125 275 425 575 725 875 1025 1175 
126 276 426 576 726 876 1026 1176 
127 277 427 577 727 877 1027 1177 
128 278 428 578 728 878 1028 1178 
129 279 429 579 729 879 1029 1179 
130 280 430 580 730 880 1030 1180 
131 281 431 581 731 881 1031 1181 
132 282 432 582 732 882 1032 1182 
133 283 433 583 733 883 1033 1183 
134 284 434 584 734 884 1034 1184 
135 285 435 585 735 885 1035 1185 
136 286 436 586 736 886 1036 1186 
137 287 437 587 737 887 1037 1187 
138 288 438 588 738 888 1038 1188 
139 289 439 589 739 889 1039 1189 
140 290 440 590 740 890 1040 1190 
141 291 441 591 741 891 1041 1191 
142 292 442 592 742 892 1042 1192 
143 293 443 593 743 893 1043 1193 
144 294 444 594 744 894 1044 1194 
145 295 445 595 745 895 1045 1195 
146 296 446 596 746 896 1046 1196 
147 297 447 597 747 897 1047 1197 
148 298 448 598 748 898 1048 1198 
149 299 449 599 749 899 1049 1199 
150 300 450 600 750 900 1050 1200 
1 152 303 454 606 757 908 1059 
2 153 304 455 607 758 909 1060 
3 154 305 456 608 759 910 1061 
4 155 306 457 609 760 911 1062 
5 156 307 458 610 761 912 1063 
6 157 308 459 611 762 913 1064 
7 158 309 460 612 763 914 1065 
8 159 310 461 613 764 915 1066 
9 160 311 462 614 765 916 1067 
10 161 312 463 615 766 917 1068 
11 162 313 464 616 767 918 1069 
12 163 314 465 617 768 919 1070 
13 164 315 466 618 769 920 1071 
14 165 316 467 619 770 921 1072 
15 166 317 468 620 771 922 1073 
16 167 318 469 621 772 923 1074 
17 168 319 470 622 773 924 1075 
18 169 320 471 623 774 925 1076 
19 170 321 472 624 775 926 1077 
20 171 322 473 625 776 927 1078 
21 172 323 474 626 777 928 1079 
22 173 324 475 627 778 929 1080 
23 174 325 476 628 779 930 1081 
24 175 326 477 629 780 931 1082 
25 176 327 478 630 781 932 1083 
26 177 328 479 631 782 933 1084 
27 178 329 480 632 783 934 1085 
28 179 330 481 633 784 935 1086 
29 180 331 482 634 785 936 1087 
30 181 332 483 635 786 937 1088 
31 182 333 484 636 787 938 1089 
32 183 334 485 637 788 939 1090 
33 184 335 486 638 789 940 1091 
34 185 336 487 639 790 941 1092 
35 186 337 488 640 791 942 1093 
36 187 338 489 641 792 943 1094 
37 188 339 490 642 793 944 1095 
38 189 340 491 643 794 945 1096 
39 190 341 492 644 795 946 1097 
40 191 342 493 645 796 947 1098 
41 192 343 494 646 797 948 1099 
42 193 344 495 647 798 949 1100 
43 194 345 496 648 799 950 1101 
44 195 346 497 649 800 951 1102 
45 196 347 498 650 801 952 1103 
46 197 348 499 651 802 953 1104 
47 198 349 500 652 803 954 1105 
48 199 350 501 653 804 955 1106 
49 200 351 502 654 805 956 1107 
50 201 352 503 655 806 957 1108 
51 202 353 504 656 807 958 1109 
52 203 354 505 657 808 959 1110 
53 204 355 506 658 809 960 1111 
54 205 356 507 659 810 961 1112 
55 206 357 508 660 811 962 1113 
56 207 358 509 661 812 963 1114 
57 208 359 510 662 813 964 1115 
58 209 360 511 663 814 965 1116 
59 210 361 512 664 815 966 1117 
60 211 362 513 665 816 967 1118 
61 212 363 514 666 817 968 1119 
62 213 364 515 667 818 969 1120 
63 214 365 516 668 819 970 1121 
64 215 366 517 669 820 971 1122 
65 216 367 518 670 821 972 1123 
66 217 368 519 671 822 973 1124 
67 218 369 520 672 823 974 1125 
68 219 370 521 673 824 975 1126 
69 220 371 522 674 825 976 1127 
70 221 372 523 675 826 977 1128 
71 222 373 524 676 827 978 1129 
72 223 374 525 677 828 979 1130 
73 224 375 526 678 829 980 1131 
74 225 376 527 679 830 981 1132 
75 226 377 528 680 831 982 1133 
76 227 378 529 681 832 983 1134 
77 228 379 530 682 833 984 1135 
78 229 380 531 683 834 985 1136 
79 230 381 532 684 835 986 1137 
80 231 382 533 685 836 987 1138 
81 232 383 534 686 837 988 1139 
82 233 384 535 687 838 989 1140 
83 234 385 536 688 839 990 1141 
84 235 386 537 689 840 991 1142 
85 236 387 538 690 841 992 1143 
86 237 388 539 691 842 993 1144 
87 238 389 540 692 843 994 1145 
88 239 390 541 693 844 995 1146 
89 240 391 542 694 845 996 1147 
90 241 392 543 695 846 997 1148 
91 242 393 544 696 847 998 1149 
92 243 394 545 697 848 999 1150 
93 244 395 546 698 849 1000 1151 
94 245 396 547 699 850 1001 1152 
95 246 397 548 700 851 1002 1153 
96 247 398 549 701 852 1003 1154 
97 248 399 550 702 853 1004 1155 
98 249 400 551 703 854 1005 1156 
99 250 401 552 704 855 1006 1157 
100 251 402 553 705 856 1007 1158 
101 252 403 554 706 857 1008 1159 
102 253 404 555 707 858 1009 1160 
103 254 405 556 708 859 1010 1161 
104 255 406 557 709 860 1011 1162 
105 256 407 558 710 861 1012 1163 
106 257 408 559 711 862 1013 1164 
107 258 409 560 712 863 1014 1165 
108 259 410 561 713 864 1015 1166 
109 260 411 562 714 865 1016 1167 
110 261 412 563 715 866 1017 1168 
111 262 413 564 716 867 1018 1169 
112 263 414 565 717 868 1019 1170 
113 264 415 566 718 869 1020 1171 
114 265 416 567 719 870 1021 1172 
115 266 417 568 720 871 1022 1173 
116 267 418 569 721 872 1023 1174 
117 268 419 570 722 873 1024 1175 
118 269 420 571 723 874 1025 1176 
119 270 421 572 724 875 1026 1177 
120 271 422 573 725 876 1027 1178 
121 272 423 574 726 877 1028 1179 
122 273 424 575 727 878 1029 1180 
123 274 425 576 728 879 1030 1181 
124 275 426 577 729 880 1031 1182 
125 276 427 578 730 881 1032 1183 
126 277 428 579 731 882 1033 1184 
127 278 429 580 732 883 1034 1185 
128 279 430 581 733 884 1035 1186 
129 280 431 582 734 885 1036 1187 
130 281 432 583 735 886 1037 1188 
131 282 433 584 736 887 1038 1189 
132 283 434 585 737 888 1039 1190 
133 284 435 586 738 889 1040 1191 
134 285 436 587 739 890 1041 1192 
135 286 437 588 740 891 1042 1193 
136 287 438 589 741 892 1043 1194 
137 288 439 590 742 893 1044 1195 
138 289 440 591 743 894 1045 1196 
139 290 441 592 744 895 1046 1197 
140 291 442 593 745 896 1047 1198 
141 292 443 594 746 897 1048 1199 
142 293 444 595 747 898 1049 1200 
143 294 445 596 748 899 1050 1051 
144 295 446 597 749 900 901 1052 
145 296 447 598 750 751 902 1053 
146 297 448 599 601 752 903 1054 
147 298 449 600 602 753 904 1055 
148 299 450 451 603 754 905 1056 
149 300 301 452 604 755 906 1057 
150 151 302 453 605 756 907 1058 
1 160 319 478 646 805 964 1123 
2 161 320 479 647 806 965 1124 
3 162 321 480 648 807 966 1125 
4 163 322 481 649 808 967 1126 
5 164 323 482 650 809 968 1127 
6 165 324 483 651 810 969 1128 
7 166 325 484 652 811 970 1129 
8 167 326 485 653 812 971 1130 
9 168 327 486 654 813 972 1131 
10 169 328 487 655 814 973 1132 
11 170 329 488 656 815 974 1133 
12 171 330 489 657 816 975 1134 
13 172 331 490 658 817 976 1135 
14 173 332 491 659 818 977 1136 
15 174 333 492 660 819 978 1137 
16 175 334 493 661 820 979 1138 
17 176 335 494 662 821 980 1139 
18 177 336 495 663 822 981 1140 
19 178 337 496 664 823 982 1141 
20 179 338 497 665 824 983 1142 
21 180 339 498 666 825 984 1143 
22 181 340 499 667 826 985 1144 
23 182 341 500 668 827 986 1145 
24 183 342 501 669 828 987 1146 
25 184 343 502 670 829 988 1147 
26 185 344 503 671 830 989 1148 
27 186 345 504 672 831 990 1149 
28 187 346 505 673 832 991 1150 
29 188 347 506 674 833 992 1151 
30 189 348 507 675 834 993 1152 
31 190 349 508 676 835 994 1153 
32 191 350 509 677 836 995 1154 
33 192 351 510 678 837 996 1155 
34 193 352 511 679 838 997 1156 
35 194 353 512 680 839 998 1157 
36 195 354 513 681 840 999 1158 
37 196 355 514 682 841 1000 1159 
38 197 356 515 683 842 1001 1160 
39 198 357 516 684 843 1002 1161 
40 199 358 517 685 844 1003 1162 
41 200 359 518 686 845 1004 1163 
42 201 360 519 687 846 1005 1164 
43 202 361 520 688 847 1006 1165 
44 203 362 521 689 848 1007 1166 
45 204 363 522 690 849 1008 1167 
46 205 364 523 691 850 1009 1168 
47 206 365 524 692 851 1010 1169 
48 207 366 525 693 852 1011 1170 
49 208 367 526 694 853 1012 1171 
50 209 368 527 695 854 1013 1172 
51 210 369 528 696 855 1014 1173 
52 211 370 529 697 856 1015 1174 
53 212 371 530 698 857 1016 1175 
54 213 372 531 699 858 1017 1176 
55 214 373 532 700 859 1018 1177 
56 215 374 533 701 860 1019 1178 
57 216 375 534 702 861 1020 1179 
58 217 376 535 703 862 1021 1180 
59 218 377 536 704 863 1022 1181 
60 219 378 537 705 864 1023 1182 
61 220 379 538 706 865 1024 1183 
62 221 380 539 707 866 1025 1184 
63 222 381 540 708 867 1026 1185 
64 223 382 541 709 868 1027 1186 
65 224 383 542 710 869 1028 1187 
66 225 384 543 711 870 1029 1188 
67 226 385 544 712 871 1030 1189 
68 227 386 545 713 872 1031 1190 
69 228 387 546 714 873 1032 1191 
70 229 388 547 715 874 1033 1192 
71 230 389 548 716 875 1034 1193 
72 231 390 549 717 876 1035 1194 
73 232 391 550 718 877 1036 1195 
74 233 392 551 719 878 1037 1196 
75 234 393 552 720 879 1038 1197 
76 235 394 553 721 880 1039 1198 
77 236 395 554 722 881 1040 1199 
78 237 396 555 723 882 1041 1200 
79 238 397 556 724 883 1042 1051 
80 239 398 557 725 884 1043 1052 
81 240 399 558 726 885 1044 1053 
82 241 400 559 727 886 1045 1054 
83 242 401 560 728 887 1046 1055 
84 243 402 561 729 888 1047 1056 
85 244 403 562 730 889 1048 1057 
86 245 404 563 731 890 1049 1058 
87 246 405 564 732 891 1050 1059 
88 247 406 565 733 892 901 1060 
89 248 407 566 734 893 902 1061 
90 249 408 567 735 894 903 1062 
91 250 409 568 736 895 904 1063 
92 251 410 569 737 896 905 1064 
93 252 411 570 738 897 906 1065 
94 253 412 571 739 898 907 1066 
95 254 413 572 740 899 908 1067 
96 255 414 573 741 900 909 1068 
97 256 415 574 742 751 910 1069 
98 257 416 575 743 752 911 1070 
99 258 417 576 744 753 912 1071 
100 259 418 577 745 754 913 1072 
101 260 419 578 746 755 914 1073 
102 261 420 579 747 756 915 1074 
103 262 421 580 748 757 916 1075 
104 263 422 581 749 758 917 1076 
105 264 423 582 750 759 918 1077 
106 265 424 583 601 760 919 1078 
107 266 425 584 602 761 920 1079 
108 267 426 585 603 762 921 1080 
109 268 427 586 604 763 922 1081 
110 269 428 587 605 764 923 1082 
111 270 429 588 606 765 924 1083 
112 271 430 589 607 766 925 1084 
113 272 431 590 608 767 926 1085 
114 273 432 591 609 768 927 1086 
115 274 433 592 610 769 928 1087 
116 275 434 593 611 770 929 1088 
117 276 435 594 612 771 930 1089 
118 277 436 595 613 772 931 1090 
119 278 437 596 614 773 932 1091 
120 279 438 597 615 774 933 1092 
121 280 439 598 616 775 934 1093 
122 281 440 599 617 776 935 1094 
123 282 441 600 618 777 936 1095 
124 283 442 451 619 778 937 1096 
125 284 443 452 620 779 938 1097 
126 285 444 453 621 780 939 1098 
127 286 445 454 622 781 940 1099 
128 287 446 455 623 782 941 1100 
129 288 447 456 624 783 942 1101 
130 289 448 457 625 784 943 1102 
131 290 449 458 626 785 944 1103 
132 291 450 459 627 786 945 1104 
133 292 301 460 628 787 946 1105 
134 293 302 461 629 788 947 1106 
135 294 303 462 630 789 948 1107 
136 295 304 463 631 790 949 1108 
137 296 305 464 632 791 950 1109 
138 297 306 465 633 792 951 1110 
139 298 307 466 634 793 952 1111 
140 299 308 467 635 794 953 1112 
141 300 309 468 636 795 954 1113 
142 151 310 469 637 796 955 1114 
143 152 311 470 638 797 956 1115 
144 153 312 471 639 798 957 1116 
145 154 313 472 640 799 958 1117 
146 155 314 473 641 800 959 1118 
147 156 315 474 642 801 960 1119 
148 157 316 475 643 802 961 1120 
149 158 317 476 644 803 962 1121 
150 159 318 477 645 804 963 1122 
1 161 321 481 651 811 971 1131 
2 162 322 482 652 812 972 1132 
3 163 323 483 653 813 973 1133 
4 164 324 484 654 814 974 1134 
5 165 325 485 655 815 975 1135 
6 166 326 486 656 816 976 1136 
7 167 327 487 657 817 977 1137 
8 168 328 488 658 818 978 1138 
9 169 329 489 659 819 979 1139 
10 170 330 490 660 820 980 1140 
11 171 331 491 661 821 981 1141 
12 172 332 492 662 822 982 1142 
13 173 333 493 663 823 983 1143 
14 174 334 494 664 824 984 1144 
15 175 335 495 665 825 985 1145 
16 176 336 496 666 826 986 1146 
17 177 337 497 667 827 987 1147 
18 178 338 498 668 828 988 1148 
19 179 339 499 669 829 989 1149 
20 180 340 500 670 830 990 1150 
21 181 341 501 671 831 991 1151 
22 182 342 502 672 832 992 1152 
23 183 343 503 673 833 993 1153 
24 184 344 504 674 834 994 1154 
25 185 345 505 675 835 995 1155 
26 186 346 506 676 836 996 1156 
27 187 347 507 677 837 997 1157 
28 188 348 508 678 838 998 1158 
29 189 349 509 679 839 999 1159 
30 190 350 510 680 840 1000 1160 
31 191 351 511 681 841 1001 1161 
32 192 352 512 682 842 1002 1162 
33 193 353 513 683 843 1003 1163 
34 194 354 514 684 844 1004 1164 
35 195 355 515 685 845 1005 1165 
36 196 356 516 686 846 1006 1166 
37 197 357 517 687 847 1007 1167 
38 198 358 518 688 848 1008 1168 
39 199 359 519 689 849 1009 1169 
40 200 360 520 690 850 1010 1170 
41 201 361 521 691 851 1011 1171 
42 202 362 522 692 852 1012 1172 
43 203 363 523 693 853 1013 1173 
44 204 364 524 694 854 1014 1174 
45 205 365 525 695 855 1015 1175 
46 206 366 526 696 856 1016 1176 
47 207 367 527 697 857 1017 1177 
48 208 368 528 698 858 1018 1178 
49 209 369 529 699 859 1019 1179 
50 210 370 530 700 860 1020 1180 
51 211 371 531 701 861 1021 1181 
52 212 372 532 702 862 1022 1182 
53 213 373 533 703 863 1023 1183 
54 214 374 534 704 864 1024 1184 
55 215 375 535 705 865 1025 1185 
56 216 376 536 706 866 1026 1186 
57 217 377 537 707 867 1027 1187 
58 218 378 538 708 868 1028 1188 
59 219 379 539 709 869 1029 1189 
60 220 380 540 710 870 1030 1190 
61 221 381 541 711 871 1031 1191 
62 222 382 542 712 872 1032 1192 
63 223 383 543 713 873 1033 1193 
64 224 384 544 714 874 1034 1194 
65 225 385 545 715 875 1035 1195 
66 226 386 546 716 876 1036 1196 
67 227 387 547 717 877 1037 1197 
68 228 388 548 718 878 1038 1198 
69 229 389 549 719 879 1039 1199 
70 230 390 550 720 880 1040 1200 
71 231 391 551 721 881 1041 1051 
72 232 392 552 722 882 1042 1052 
73 233 393 553 723 883 1043 1053 
74 234 394 554 724 884 1044 1054 
75 235 395 555 725 885 1045 1055 
76 236 396 556 726 886 1046 1056 
77 237 397 557 727 887 1047 1057 
78 238 398 558 728 888 1048 1058 
79 239 399 559 729 889 1049 1059 
80 240 400 560 730 890 1050 1060 
81 241 401 561 731 891 901 1061 
82 242 402 562 732 892 902 1062 
83 243 403 563 733 893 903 1063 
84 244 404 564 734 894 904 1064 
85 245 405 565 735 895 905 1065 
86 246 406 566 736 896 906 1066 
87 247 407 567 737 897 907 1067 
88 248 408 568 738 898 908 1068 
89 249 409 569 739 899 909 1069 
90 250 410 570 740 900 910 1070 
91 251 411 571 741 751 911 1071 
92 252 412 572 742 752 912 1072 
93 253 413 573 743 753 913 1073 
94 254 414 574 744 754 914 1074 
95 255 415 575 745 755 915 1075 
96 256 416 576 746 756 916 1076 
97 257 417 577 747 757 917 1077 
98 258 418 578 748 758 918 1078 
99 259 419 579 749 759 919 1079 
100 260 420 580 750 760 920 1080 
101 261 421 581 601 761 921 1081 
102 262 422 582 602 762 922 1082 
103 263 423 583 603 763 923 1083 
104 264 424 584 604 764 924 1084 
105 265 425 585 605 765 925 1085 
106 266 426 586 606 766 926 1086 
107 267 427 587 607 767 927 1087 
108 268 428 588 608 768 928 1088 
109 269 429 589 609 769 929 1089 
110 270 430 590 610 770 930 1090 
111 271 431 591 611 771 931 1091 
112 272 432 592 612 772 932 1092 
113 273 433 593 613 773 933 1093 
114 274 434 594 614 774 934 1094 
115 275 435 595 615 775 935 1095 
116 276 436 596 616 776 936 1096 
117 277 437 597 617 777 937 1097 
118 278 438 598 618 778 938 1098 
119 279 439 599 619 779 939 1099 
120 280 440 600 620 780 940 1100 
121 281 441 451 621 781 941 1101 
122 282 442 452 622 782 942 1102 
123 283 443 453 623 783 943 1103 
124 284 444 454 624 784 944 1104 
125 285 445 455 625 785 945 1105 
126 286 446 456 626 786 946 1106 
127 287 447 457 627 787 947 1107 
128 288 448 458 628 788 948 1108 
129 289 449 459 629 789 949 1109 
130 290 450 460 630 790 950 1110 
131 291 301 461 631 791 951 1111 
132 292 302 462 632 792 952 1112 
133 293 303 463 633 793 953 1113 
134 294 304 464 634 794 954 1114 
135 295 305 465 635 795 955 1115 
136 296 306 466 636 796 956 1116 
137 297 307 467 637 797 957 1117 
138 298 308 468 638 798 958 1118 
139 299 309 469 639 799 959 1119 
140 300 310 470 640 800 960 1120 
141 151 311 471 641 801 961 1121 
142 152 312 472 642 802 962 1122 
143 153 313 473 643 803 963 1123 
144 154 314 474 644 804 964 1124 
145 155 315 475 645 805 965 1125 
146 156 316 476 646 806 966 1126 
147 157 317 477 647 807 967 1127 
148 158 318 478 648 808 968 1128 
149 159 319 479 649 809 969 1129 
150 160 320 480 650 810 970 1130 
